1.950000000000000000e+02 1.219000000000000000e+03 6.461409090909090992e+03 6.461409090909090992e+03 8.611111111111111605e-01 0.000000000000000000e+00 7.376412700000000000e+07 4.849952061007231121e-07
1.950000000000000000e+02 8.880000000000000000e+02 7.085904761904761472e+03 7.085904761904761472e+03 1.300000000000000044e+00 0.000000000000000000e+00 7.376412700000000000e+07 3.482871851859052129e-07
1.950000000000000000e+02 4.620000000000000000e+02 4.203136363636363967e+03 1.950000000000000000e+02 7.500000000000000000e-01 0.000000000000000000e+00 7.376412700000000000e+07 1.016754390653874290e-05
3.460000000000000000e+02 5.340000000000000000e+02 6.548954545454545041e+03 6.548954545454545041e+03 2.230703986429177221e-01 0.000000000000000000e+00 8.880188700000000000e+07 4.911786545124104666e-09
1.950000000000000000e+02 3.350000000000000000e+02 4.570545454545454959e+03 1.950000000000000000e+02 4.799999999999999822e+00 0.000000000000000000e+00 7.376412700000000000e+07 5.304805516454996996e-06
1.950000000000000000e+02 2.880000000000000000e+02 4.693142857142856883e+03 1.950000000000000000e+02 3.913043478260869734e-01 0.000000000000000000e+00 7.376412700000000000e+07 1.209901282068409518e-05
1.950000000000000000e+02 1.920000000000000000e+02 4.828857142857143117e+03 1.950000000000000000e+02 8.924731182795698770e-01 0.000000000000000000e+00 7.376412700000000000e+07 4.281071118542628812e-06
1.141000000000000000e+04 1.392300000000000000e+04 9.239700000000000000e+04 1.141000000000000000e+04 0.000000000000000000e+00 0.000000000000000000e+00 3.506337000000000000e+06 0.000000000000000000e+00
1.141000000000000000e+04 1.392300000000000000e+04 9.239700000000000000e+04 1.141000000000000000e+04 0.000000000000000000e+00 0.000000000000000000e+00 3.506337000000000000e+06 0.000000000000000000e+00
1.141000000000000000e+04 1.392300000000000000e+04 9.239700000000000000e+04 1.141000000000000000e+04 0.000000000000000000e+00 0.000000000000000000e+00 3.506337000000000000e+06 0.000000000000000000e+00
1.950000000000000000e+02 5.290000000000000000e+02 4.576727272727272975e+03 1.950000000000000000e+02 8.387096774193548709e-01 0.000000000000000000e+00 5.556521900000000000e+07 5.841689915693808519e-05
1.950000000000000000e+02 4.060000000000000000e+02 4.521809523809523853e+03 1.950000000000000000e+02 5.416666666666666297e-01 0.000000000000000000e+00 8.212724714285714552e+06 1.752506974708142895e-04
1.950000000000000000e+02 4.020000000000000000e+02 4.782380952380952294e+03 1.950000000000000000e+02 1.625000000000000000e+00 0.000000000000000000e+00 8.124415857142857276e+06 9.150619168639254931e-05
1.950000000000000000e+02 7.258000000000000000e+03 1.404750000000000000e+04 1.950000000000000000e+02 1.419354838709677491e+00 0.000000000000000000e+00 1.056952886363636330e+07 -1.178524753429957767e-03
1.950000000000000000e+02 3.718000000000000000e+03 1.498438095238095229e+04 1.950000000000000000e+02 -1.227777777777777857e+01 0.000000000000000000e+00 9.227301571428570896e+06 2.722016024682083154e-04
1.950000000000000000e+02 6.182000000000000000e+03 1.479214285714285688e+04 1.950000000000000000e+02 3.133333333333333304e+00 0.000000000000000000e+00 9.747224000000000000e+06 1.196922722089531510e-04
1.950000000000000000e+02 4.666000000000000000e+03 1.601528571428571377e+04 1.950000000000000000e+02 1.437500000000000000e+00 0.000000000000000000e+00 1.083324842857142910e+07 7.285616569240626933e-05
1.950000000000000000e+02 6.234000000000000000e+03 1.426971428571428623e+04 1.950000000000000000e+02 8.750000000000000000e-01 0.000000000000000000e+00 1.040863633333333395e+07 2.204052071366912236e-04
1.950000000000000000e+02 3.718000000000000000e+03 1.555800000000000000e+04 1.950000000000000000e+02 2.647058823529411686e+00 0.000000000000000000e+00 1.086615880952380970e+07 2.664454059608000521e-04
1.950000000000000000e+02 3.150000000000000000e+03 1.361257142857142935e+04 1.950000000000000000e+02 3.200000000000000178e+00 0.000000000000000000e+00 1.063739757142857090e+07 2.253031006286176832e-04
1.950000000000000000e+02 5.232000000000000000e+03 1.462709523809523853e+04 1.950000000000000000e+02 2.705882352941176627e+00 0.000000000000000000e+00 1.040863633333333395e+07 2.155073136447647640e-04
1.950000000000000000e+02 2.522000000000000000e+03 1.207128571428571377e+04 1.950000000000000000e+02 2.588235294117647189e+00 0.000000000000000000e+00 1.029425571428571455e+07 2.399967811043971161e-04
1.950000000000000000e+02 5.131000000000000000e+03 1.322861904761904771e+04 1.950000000000000000e+02 2.882352941176470562e+00 0.000000000000000000e+00 1.086615880952380970e+07 2.081604734068750475e-04
1.950000000000000000e+02 6.031000000000000000e+03 1.612171428571428623e+04 1.950000000000000000e+02 2.500000000000000000e+00 0.000000000000000000e+00 1.075177819047619030e+07 7.538118918639498628e-05
1.141000000000000000e+04 1.392300000000000000e+04 9.239700000000000000e+04 1.141000000000000000e+04 0.000000000000000000e+00 0.000000000000000000e+00 3.506337000000000000e+06 0.000000000000000000e+00
1.141000000000000000e+04 1.392300000000000000e+04 9.239700000000000000e+04 1.141000000000000000e+04 0.000000000000000000e+00 0.000000000000000000e+00 3.506337000000000000e+06 0.000000000000000000e+00
1.141000000000000000e+04 1.392300000000000000e+04 9.239700000000000000e+04 1.141000000000000000e+04 0.000000000000000000e+00 0.000000000000000000e+00 3.506337000000000000e+06 0.000000000000000000e+00
1.950000000000000000e+02 2.147000000000000000e+03 1.296236363636363603e+04 1.950000000000000000e+02 1.352941176470588314e+00 0.000000000000000000e+00 1.059060550000000000e+07 5.752798537790001680e-05
1.141000000000000000e+04 1.392300000000000000e+04 9.239700000000000000e+04 1.141000000000000000e+04 0.000000000000000000e+00 0.000000000000000000e+00 3.506337000000000000e+06 0.000000000000000000e+00
3.460000000000000000e+02 2.800000000000000000e+02 5.245190476190476147e+03 5.245190476190476147e+03 6.612213146635550522e-03 0.000000000000000000e+00 8.880188700000000000e+07 4.601526698908211044e-09
1.141000000000000000e+04 1.392300000000000000e+04 9.239700000000000000e+04 1.141000000000000000e+04 0.000000000000000000e+00 0.000000000000000000e+00 3.506337000000000000e+06 0.000000000000000000e+00
1.141000000000000000e+04 1.392300000000000000e+04 9.239700000000000000e+04 1.141000000000000000e+04 0.000000000000000000e+00 0.000000000000000000e+00 3.506337000000000000e+06 0.000000000000000000e+00
1.141000000000000000e+04 1.392300000000000000e+04 9.239700000000000000e+04 1.141000000000000000e+04 0.000000000000000000e+00 0.000000000000000000e+00 3.506337000000000000e+06 0.000000000000000000e+00
1.141000000000000000e+04 1.392300000000000000e+04 9.239700000000000000e+04 1.141000000000000000e+04 0.000000000000000000e+00 0.000000000000000000e+00 3.506337000000000000e+06 0.000000000000000000e+00
1.141000000000000000e+04 1.392300000000000000e+04 9.239700000000000000e+04 1.141000000000000000e+04 0.000000000000000000e+00 0.000000000000000000e+00 3.506337000000000000e+06 0.000000000000000000e+00
1.141000000000000000e+04 1.392300000000000000e+04 9.239700000000000000e+04 1.141000000000000000e+04 0.000000000000000000e+00 0.000000000000000000e+00 3.506337000000000000e+06 0.000000000000000000e+00
1.141000000000000000e+04 1.392300000000000000e+04 9.239700000000000000e+04 1.141000000000000000e+04 0.000000000000000000e+00 0.000000000000000000e+00 3.506337000000000000e+06 0.000000000000000000e+00
1.950000000000000000e+02 3.891000000000000000e+03 1.213531818181818198e+04 1.950000000000000000e+02 1.424242424242424310e+00 0.000000000000000000e+00 8.252441636363636702e+06 2.736587657022739126e-04
1.950000000000000000e+02 3.795000000000000000e+03 1.284547619047619082e+04 1.950000000000000000e+02 2.647058823529411686e+00 0.000000000000000000e+00 8.456661333333333954e+06 1.468382194988119410e-04
1.950000000000000000e+02 5.238000000000000000e+03 1.465728571428571377e+04 1.950000000000000000e+02 2.117647058823529438e+00 0.000000000000000000e+00 1.003029995238095149e+07 7.850923168336387630e-05
1.141000000000000000e+04 1.392300000000000000e+04 9.239700000000000000e+04 1.141000000000000000e+04 0.000000000000000000e+00 0.000000000000000000e+00 3.506337000000000000e+06 0.000000000000000000e+00
1.141000000000000000e+04 1.392300000000000000e+04 9.239700000000000000e+04 1.141000000000000000e+04 0.000000000000000000e+00 0.000000000000000000e+00 3.506337000000000000e+06 0.000000000000000000e+00
1.950000000000000000e+02 5.873000000000000000e+03 1.605545454545454595e+04 1.950000000000000000e+02 1.500000000000000000e+00 0.000000000000000000e+00 1.187308836363636330e+07 2.105602149766197745e-04
1.950000000000000000e+02 7.119000000000000000e+03 1.421390476190476147e+04 1.950000000000000000e+02 2.750000000000000000e+00 0.000000000000000000e+00 1.181654985714285634e+07 4.498331865409604274e-05
1.950000000000000000e+02 6.171000000000000000e+03 1.433604545454545405e+04 1.950000000000000000e+02 1.382352941176470562e+00 0.000000000000000000e+00 1.187308836363636330e+07 3.156724116076915434e-05
1.141000000000000000e+04 1.392300000000000000e+04 9.239700000000000000e+04 1.141000000000000000e+04 0.000000000000000000e+00 0.000000000000000000e+00 3.506337000000000000e+06 0.000000000000000000e+00
1.141000000000000000e+04 1.392300000000000000e+04 9.239700000000000000e+04 1.141000000000000000e+04 0.000000000000000000e+00 0.000000000000000000e+00 3.506337000000000000e+06 0.000000000000000000e+00
1.141000000000000000e+04 1.392300000000000000e+04 9.239700000000000000e+04 1.141000000000000000e+04 0.000000000000000000e+00 0.000000000000000000e+00 3.506337000000000000e+06 0.000000000000000000e+00
3.460000000000000000e+02 1.680000000000000000e+02 5.055904761904761472e+03 5.055904761904761472e+03 5.970998009667330235e-03 0.000000000000000000e+00 8.880188700000000000e+07 1.661379319052746776e-08
1.141000000000000000e+04 1.392300000000000000e+04 9.239700000000000000e+04 1.141000000000000000e+04 0.000000000000000000e+00 0.000000000000000000e+00 3.506337000000000000e+06 0.000000000000000000e+00
1.141000000000000000e+04 1.392300000000000000e+04 9.239700000000000000e+04 1.141000000000000000e+04 0.000000000000000000e+00 0.000000000000000000e+00 3.506337000000000000e+06 0.000000000000000000e+00
1.141000000000000000e+04 1.392300000000000000e+04 9.239700000000000000e+04 1.141000000000000000e+04 0.000000000000000000e+00 0.000000000000000000e+00 3.506337000000000000e+06 0.000000000000000000e+00
1.141000000000000000e+04 1.392300000000000000e+04 9.239700000000000000e+04 1.141000000000000000e+04 0.000000000000000000e+00 0.000000000000000000e+00 3.506337000000000000e+06 0.000000000000000000e+00
1.141000000000000000e+04 1.392300000000000000e+04 9.239700000000000000e+04 1.141000000000000000e+04 0.000000000000000000e+00 0.000000000000000000e+00 3.506337000000000000e+06 0.000000000000000000e+00
1.950000000000000000e+02 4.154000000000000000e+03 1.178872727272727207e+04 1.950000000000000000e+02 1.689655172413793149e+00 0.000000000000000000e+00 1.222928095454545505e+07 1.657466713510359158e-04
1.950000000000000000e+02 3.169000000000000000e+03 1.070519047619047706e+04 1.950000000000000000e+02 3.000000000000000000e+00 0.000000000000000000e+00 1.481186419047619030e+07 1.731131900777486195e-04
1.950000000000000000e+02 7.428000000000000000e+03 1.186790476190476147e+04 1.950000000000000000e+02 3.133333333333333304e+00 0.000000000000000000e+00 1.603134985714285634e+07 1.062478662506640559e-04
1.155800000000000000e+04 1.607600000000000000e+04 9.566200000000000000e+04 9.566200000000000000e+04 2.105263157894736725e-01 0.000000000000000000e+00 3.461504000000000000e+06 0.000000000000000000e+00
1.155800000000000000e+04 1.607600000000000000e+04 9.566200000000000000e+04 9.566200000000000000e+04 0.000000000000000000e+00 0.000000000000000000e+00 3.461504000000000000e+06 0.000000000000000000e+00
1.155800000000000000e+04 1.607600000000000000e+04 9.566200000000000000e+04 1.155800000000000000e+04 0.000000000000000000e+00 0.000000000000000000e+00 3.461504000000000000e+06 0.000000000000000000e+00
1.155800000000000000e+04 1.607600000000000000e+04 9.566200000000000000e+04 1.155800000000000000e+04 0.000000000000000000e+00 0.000000000000000000e+00 3.461504000000000000e+06 0.000000000000000000e+00
1.155800000000000000e+04 1.607600000000000000e+04 9.566200000000000000e+04 1.155800000000000000e+04 0.000000000000000000e+00 0.000000000000000000e+00 3.461504000000000000e+06 0.000000000000000000e+00
1.155800000000000000e+04 1.607600000000000000e+04 9.566200000000000000e+04 1.155800000000000000e+04 0.000000000000000000e+00 0.000000000000000000e+00 3.461504000000000000e+06 0.000000000000000000e+00
1.155800000000000000e+04 1.607600000000000000e+04 9.566200000000000000e+04 1.155800000000000000e+04 0.000000000000000000e+00 0.000000000000000000e+00 3.461504000000000000e+06 0.000000000000000000e+00
1.155800000000000000e+04 1.607600000000000000e+04 9.566200000000000000e+04 1.155800000000000000e+04 0.000000000000000000e+00 0.000000000000000000e+00 3.461504000000000000e+06 0.000000000000000000e+00
2.280000000000000000e+02 1.120000000000000000e+03 8.470954545454545951e+03 2.280000000000000000e+02 1.409090909090909172e+00 0.000000000000000000e+00 1.851134545454545319e+07 1.780235020488663467e-04
2.280000000000000000e+02 1.003000000000000000e+03 8.297714285714286234e+03 2.280000000000000000e+02 3.625000000000000000e+00 0.000000000000000000e+00 1.803533942857142910e+07 1.160780201447153727e-04
2.280000000000000000e+02 6.790000000000000000e+02 7.894714285714285325e+03 2.280000000000000000e+02 2.363636363636363757e+00 0.000000000000000000e+00 1.822926780952380970e+07 1.375078084791243427e-04
2.280000000000000000e+02 9.390000000000000000e+02 7.075904761904761472e+03 2.280000000000000000e+02 2.799999999999999822e+00 0.000000000000000000e+00 1.861712457142857090e+07 9.003487459942665294e-05
2.280000000000000000e+02 8.630000000000000000e+02 7.381863636363636033e+03 2.280000000000000000e+02 1.555555555555555580e+00 0.000000000000000000e+00 1.814111854545454681e+07 1.122512722278566101e-04
1.155800000000000000e+04 1.607600000000000000e+04 9.566200000000000000e+04 1.155800000000000000e+04 0.000000000000000000e+00 0.000000000000000000e+00 3.461504000000000000e+06 0.000000000000000000e+00
1.155800000000000000e+04 1.607600000000000000e+04 9.566200000000000000e+04 1.155800000000000000e+04 0.000000000000000000e+00 0.000000000000000000e+00 3.461504000000000000e+06 0.000000000000000000e+00
1.155800000000000000e+04 1.607600000000000000e+04 9.566200000000000000e+04 1.155800000000000000e+04 0.000000000000000000e+00 0.000000000000000000e+00 3.461504000000000000e+06 0.000000000000000000e+00
1.155800000000000000e+04 1.607600000000000000e+04 9.566200000000000000e+04 1.155800000000000000e+04 0.000000000000000000e+00 0.000000000000000000e+00 3.461504000000000000e+06 0.000000000000000000e+00
1.155800000000000000e+04 1.607600000000000000e+04 9.566200000000000000e+04 1.155800000000000000e+04 0.000000000000000000e+00 0.000000000000000000e+00 3.461504000000000000e+06 0.000000000000000000e+00
1.155800000000000000e+04 1.607600000000000000e+04 9.566200000000000000e+04 1.155800000000000000e+04 0.000000000000000000e+00 0.000000000000000000e+00 3.461504000000000000e+06 0.000000000000000000e+00
1.155800000000000000e+04 1.607600000000000000e+04 9.566200000000000000e+04 1.155800000000000000e+04 0.000000000000000000e+00 0.000000000000000000e+00 3.461504000000000000e+06 0.000000000000000000e+00
1.155800000000000000e+04 1.607600000000000000e+04 9.566200000000000000e+04 1.155800000000000000e+04 0.000000000000000000e+00 0.000000000000000000e+00 3.461504000000000000e+06 0.000000000000000000e+00
1.155800000000000000e+04 1.607600000000000000e+04 9.566200000000000000e+04 1.155800000000000000e+04 0.000000000000000000e+00 0.000000000000000000e+00 3.461504000000000000e+06 0.000000000000000000e+00
1.155800000000000000e+04 1.607600000000000000e+04 9.566200000000000000e+04 1.155800000000000000e+04 0.000000000000000000e+00 0.000000000000000000e+00 3.461504000000000000e+06 0.000000000000000000e+00
1.155800000000000000e+04 1.607600000000000000e+04 9.566200000000000000e+04 1.155800000000000000e+04 0.000000000000000000e+00 0.000000000000000000e+00 3.461504000000000000e+06 0.000000000000000000e+00
1.155800000000000000e+04 1.607600000000000000e+04 9.566200000000000000e+04 1.155800000000000000e+04 0.000000000000000000e+00 0.000000000000000000e+00 3.461504000000000000e+06 0.000000000000000000e+00
1.155800000000000000e+04 1.607600000000000000e+04 9.566200000000000000e+04 1.155800000000000000e+04 0.000000000000000000e+00 0.000000000000000000e+00 3.461504000000000000e+06 0.000000000000000000e+00
1.155800000000000000e+04 1.607600000000000000e+04 9.566200000000000000e+04 1.155800000000000000e+04 0.000000000000000000e+00 0.000000000000000000e+00 3.461504000000000000e+06 0.000000000000000000e+00
1.155800000000000000e+04 1.607600000000000000e+04 9.566200000000000000e+04 1.155800000000000000e+04 0.000000000000000000e+00 0.000000000000000000e+00 3.461504000000000000e+06 0.000000000000000000e+00
1.155800000000000000e+04 1.607600000000000000e+04 9.566200000000000000e+04 1.155800000000000000e+04 0.000000000000000000e+00 0.000000000000000000e+00 3.461504000000000000e+06 0.000000000000000000e+00
1.155800000000000000e+04 1.607600000000000000e+04 9.566200000000000000e+04 1.155800000000000000e+04 0.000000000000000000e+00 0.000000000000000000e+00 3.461504000000000000e+06 0.000000000000000000e+00
1.155800000000000000e+04 1.607600000000000000e+04 9.566200000000000000e+04 1.155800000000000000e+04 0.000000000000000000e+00 0.000000000000000000e+00 3.461504000000000000e+06 0.000000000000000000e+00
1.155800000000000000e+04 1.607600000000000000e+04 9.566200000000000000e+04 1.155800000000000000e+04 0.000000000000000000e+00 0.000000000000000000e+00 3.461504000000000000e+06 0.000000000000000000e+00
1.155800000000000000e+04 1.607600000000000000e+04 9.566200000000000000e+04 1.155800000000000000e+04 0.000000000000000000e+00 0.000000000000000000e+00 3.461504000000000000e+06 0.000000000000000000e+00
2.280000000000000000e+02 4.190000000000000000e+02 5.578954545454545041e+03 2.280000000000000000e+02 6.363636363636363535e-01 0.000000000000000000e+00 1.814111854545454681e+07 5.978600368657581118e-05
2.280000000000000000e+02 3.450000000000000000e+02 5.221619047619047706e+03 2.280000000000000000e+02 1.217391304347826164e+00 0.000000000000000000e+00 1.900498133333333209e+07 7.059552667455044547e-05
2.280000000000000000e+02 2.130000000000000000e+02 5.055000000000000000e+03 2.280000000000000000e+02 1.437500000000000000e+00 0.000000000000000000e+00 1.881105295238095149e+07 1.841622434988272514e-04
2.280000000000000000e+02 7.730000000000000000e+02 5.418190476190476147e+03 2.280000000000000000e+02 3.750000000000000000e+00 0.000000000000000000e+00 1.958676647619047761e+07 3.928794527974981219e-05
2.280000000000000000e+02 3.320000000000000000e+02 5.271809523809523853e+03 2.280000000000000000e+02 8.000000000000000444e-01 0.000000000000000000e+00 1.764748266666666791e+07 6.473581892686048353e-05
2.280000000000000000e+02 6.280000000000000000e+02 5.171857142857143117e+03 2.280000000000000000e+02 1.318181818181818121e+00 0.000000000000000000e+00 1.861712457142857090e+07 6.696808854502808034e-05
2.280000000000000000e+02 5.300000000000000000e+02 5.056285714285714675e+03 2.280000000000000000e+02 1.363636363636363535e+00 0.000000000000000000e+00 1.861712457142857090e+07 4.910993159968726524e-05
2.280000000000000000e+02 2.520000000000000000e+02 5.286238095238095411e+03 2.280000000000000000e+02 1.000000000000000000e+00 0.000000000000000000e+00 1.803533942857142910e+07 8.594238029945272094e-05
2.280000000000000000e+02 4.090000000000000000e+02 5.243380952380952294e+03 2.280000000000000000e+02 1.750000000000000000e+00 0.000000000000000000e+00 1.881105295238095149e+07 1.596072776989836324e-04
2.280000000000000000e+02 6.390000000000000000e+02 5.132809523809523853e+03 2.280000000000000000e+02 3.250000000000000000e+00 0.000000000000000000e+00 1.861712457142857090e+07 9.276320413274261663e-05
1.155800000000000000e+04 1.607600000000000000e+04 9.566200000000000000e+04 1.155800000000000000e+04 0.000000000000000000e+00 0.000000000000000000e+00 3.461504000000000000e+06 0.000000000000000000e+00
1.155800000000000000e+04 1.607600000000000000e+04 9.566200000000000000e+04 1.155800000000000000e+04 0.000000000000000000e+00 0.000000000000000000e+00 3.461504000000000000e+06 0.000000000000000000e+00
1.155800000000000000e+04 1.607600000000000000e+04 9.566200000000000000e+04 1.155800000000000000e+04 0.000000000000000000e+00 0.000000000000000000e+00 3.461504000000000000e+06 0.000000000000000000e+00
1.155800000000000000e+04 1.607600000000000000e+04 9.566200000000000000e+04 1.155800000000000000e+04 0.000000000000000000e+00 0.000000000000000000e+00 3.461504000000000000e+06 0.000000000000000000e+00
1.155800000000000000e+04 1.607600000000000000e+04 9.566200000000000000e+04 1.155800000000000000e+04 0.000000000000000000e+00 0.000000000000000000e+00 3.461504000000000000e+06 0.000000000000000000e+00
1.155800000000000000e+04 1.607600000000000000e+04 9.566200000000000000e+04 1.155800000000000000e+04 0.000000000000000000e+00 0.000000000000000000e+00 3.461504000000000000e+06 0.000000000000000000e+00
1.155800000000000000e+04 1.607600000000000000e+04 9.566200000000000000e+04 1.155800000000000000e+04 0.000000000000000000e+00 0.000000000000000000e+00 3.461504000000000000e+06 0.000000000000000000e+00
1.155800000000000000e+04 1.607600000000000000e+04 9.566200000000000000e+04 1.155800000000000000e+04 0.000000000000000000e+00 0.000000000000000000e+00 3.461504000000000000e+06 0.000000000000000000e+00
1.155800000000000000e+04 1.607600000000000000e+04 9.566200000000000000e+04 1.155800000000000000e+04 0.000000000000000000e+00 0.000000000000000000e+00 3.461504000000000000e+06 0.000000000000000000e+00
1.155800000000000000e+04 1.607600000000000000e+04 9.566200000000000000e+04 1.155800000000000000e+04 0.000000000000000000e+00 0.000000000000000000e+00 3.461504000000000000e+06 0.000000000000000000e+00
1.155800000000000000e+04 1.607600000000000000e+04 9.566200000000000000e+04 1.155800000000000000e+04 0.000000000000000000e+00 0.000000000000000000e+00 3.461504000000000000e+06 0.000000000000000000e+00
1.155800000000000000e+04 1.607600000000000000e+04 9.566200000000000000e+04 1.155800000000000000e+04 0.000000000000000000e+00 0.000000000000000000e+00 3.461504000000000000e+06 0.000000000000000000e+00
2.280000000000000000e+02 4.750000000000000000e+02 5.560000000000000000e+03 2.280000000000000000e+02 8.717948717948718063e-01 0.000000000000000000e+00 1.869645890909091011e+07 6.547990879958302032e-05
1.155800000000000000e+04 1.607600000000000000e+04 9.566200000000000000e+04 1.155800000000000000e+04 0.000000000000000000e+00 0.000000000000000000e+00 3.461504000000000000e+06 0.000000000000000000e+00
2.280000000000000000e+02 4.080000000000000000e+02 5.405636363636363967e+03 2.280000000000000000e+02 3.700000000000000178e+00 0.000000000000000000e+00 1.814111854545454681e+07 2.920049987008432207e-05
1.155800000000000000e+04 1.607600000000000000e+04 9.566200000000000000e+04 1.155800000000000000e+04 0.000000000000000000e+00 0.000000000000000000e+00 3.461504000000000000e+06 0.000000000000000000e+00
2.280000000000000000e+02 3.660000000000000000e+02 4.539285714285714675e+03 2.280000000000000000e+02 5.945945945945946276e-01 0.000000000000000000e+00 1.881105295238095149e+07 6.405643252133122142e-05
2.280000000000000000e+02 4.030000000000000000e+02 5.112428571428571558e+03 2.280000000000000000e+02 1.304347826086956541e+00 0.000000000000000000e+00 1.822926780952380970e+07 2.497115166085793285e-05
2.280000000000000000e+02 5.780000000000000000e+02 5.254761904761904589e+03 2.280000000000000000e+02 5.084745762711864181e-01 0.000000000000000000e+00 1.822926780952380970e+07 6.594762243386574456e-05
1.155800000000000000e+04 1.607600000000000000e+04 9.566200000000000000e+04 1.155800000000000000e+04 0.000000000000000000e+00 0.000000000000000000e+00 3.461504000000000000e+06 0.000000000000000000e+00
2.280000000000000000e+02 1.287000000000000000e+03 5.435363636363636033e+03 2.280000000000000000e+02 1.798941798941798842e-01 0.000000000000000000e+00 1.051469050000000000e+07 7.443618069030886954e-05
2.280000000000000000e+02 5.180000000000000000e+02 5.850571428571428442e+03 2.280000000000000000e+02 8.484848484848485084e-01 0.000000000000000000e+00 1.020466038095238060e+07 4.934720014513778848e-05
2.280000000000000000e+02 4.560000000000000000e+02 5.256285714285714675e+03 2.280000000000000000e+02 5.625000000000000000e-01 0.000000000000000000e+00 1.031322061904761940e+07 9.075347153128790945e-05
2.280000000000000000e+02 3.570000000000000000e+02 5.237619047619047706e+03 2.280000000000000000e+02 1.034482758620689724e+00 0.000000000000000000e+00 1.042178085714285634e+07 7.310696317798191237e-05
1.155800000000000000e+04 1.607600000000000000e+04 9.566200000000000000e+04 1.155800000000000000e+04 0.000000000000000000e+00 0.000000000000000000e+00 3.461504000000000000e+06 0.000000000000000000e+00
2.280000000000000000e+02 4.630000000000000000e+02 5.151142857142856883e+03 2.280000000000000000e+02 8.333333333333333703e-01 0.000000000000000000e+00 9.987539904761904851e+06 1.414973480864166079e-05
2.280000000000000000e+02 6.030000000000000000e+02 5.193428571428571558e+03 2.280000000000000000e+02 1.612903225806451568e-01 0.000000000000000000e+00 9.336178476190475747e+06 1.612653670252034508e-04
1.155800000000000000e+04 1.607600000000000000e+04 9.566200000000000000e+04 1.155800000000000000e+04 0.000000000000000000e+00 0.000000000000000000e+00 3.461504000000000000e+06 0.000000000000000000e+00
2.280000000000000000e+02 4.910000000000000000e+02 5.324045454545454959e+03 2.280000000000000000e+02 1.800000000000000044e+00 0.000000000000000000e+00 9.948063454545455053e+06 6.767616019904612037e-05
1.155800000000000000e+04 1.607600000000000000e+04 9.566200000000000000e+04 1.155800000000000000e+04 0.000000000000000000e+00 0.000000000000000000e+00 3.461504000000000000e+06 0.000000000000000000e+00
2.280000000000000000e+02 7.430000000000000000e+02 5.142333333333333030e+03 2.280000000000000000e+02 7.714285714285714635e-01 0.000000000000000000e+00 1.009610014285714366e+07 7.018268465086264184e-05
1.155800000000000000e+04 1.607600000000000000e+04 9.566200000000000000e+04 1.155800000000000000e+04 0.000000000000000000e+00 0.000000000000000000e+00 3.461504000000000000e+06 0.000000000000000000e+00
2.280000000000000000e+02 5.960000000000000000e+02 5.385095238095238528e+03 2.280000000000000000e+02 8.000000000000000444e-01 0.000000000000000000e+00 1.042178085714285634e+07 2.280937251153035623e-04
2.280000000000000000e+02 4.030000000000000000e+02 5.379619047619047706e+03 2.280000000000000000e+02 2.600000000000000089e+00 0.000000000000000000e+00 1.042178085714285634e+07 6.823316563278311912e-05
1.155800000000000000e+04 1.607600000000000000e+04 9.566200000000000000e+04 1.155800000000000000e+04 0.000000000000000000e+00 0.000000000000000000e+00 3.461504000000000000e+06 0.000000000000000000e+00
1.155800000000000000e+04 1.607600000000000000e+04 9.566200000000000000e+04 1.155800000000000000e+04 0.000000000000000000e+00 0.000000000000000000e+00 3.461504000000000000e+06 0.000000000000000000e+00
1.155800000000000000e+04 1.607600000000000000e+04 9.566200000000000000e+04 1.155800000000000000e+04 0.000000000000000000e+00 0.000000000000000000e+00 3.461504000000000000e+06 0.000000000000000000e+00
2.280000000000000000e+02 4.220000000000000000e+02 5.743761904761904589e+03 2.280000000000000000e+02 7.777777777777777901e-01 0.000000000000000000e+00 1.020466038095238060e+07 1.096604447669728753e-04
2.280000000000000000e+02 2.750000000000000000e+03 6.467476190476190823e+03 2.280000000000000000e+02 1.250000000000000000e+00 0.000000000000000000e+00 1.063890133333333395e+07 1.679904685791924721e-05
2.280000000000000000e+02 6.011000000000000000e+03 1.446047619047619082e+04 2.280000000000000000e+02 1.914893617021276584e-01 0.000000000000000000e+00 1.063890133333333395e+07 1.149997173586232324e-05
