1.950000000000000000e+02 1.047000000000000000e+03 8.117272727272727025e+03 8.117272727272727025e+03 1.069444444444444420e+00 0.000000000000000000e+00 7.376412700000000000e+07 1.971887303086301561e-06
1.950000000000000000e+02 4.180000000000000000e+02 4.552863636363636033e+03 1.950000000000000000e+02 7.500000000000000000e-01 0.000000000000000000e+00 7.376412700000000000e+07 1.101483923208363941e-05
1.141000000000000000e+04 1.392300000000000000e+04 9.239700000000000000e+04 1.141000000000000000e+04 0.000000000000000000e+00 0.000000000000000000e+00 3.506337000000000000e+06 0.000000000000000000e+00
1.141000000000000000e+04 1.392300000000000000e+04 9.239700000000000000e+04 1.141000000000000000e+04 0.000000000000000000e+00 0.000000000000000000e+00 3.506337000000000000e+06 0.000000000000000000e+00
1.141000000000000000e+04 1.392300000000000000e+04 9.239700000000000000e+04 1.141000000000000000e+04 0.000000000000000000e+00 0.000000000000000000e+00 3.506337000000000000e+06 0.000000000000000000e+00
1.141000000000000000e+04 1.392300000000000000e+04 9.239700000000000000e+04 1.141000000000000000e+04 0.000000000000000000e+00 0.000000000000000000e+00 3.506337000000000000e+06 0.000000000000000000e+00
1.141000000000000000e+04 1.392300000000000000e+04 9.239700000000000000e+04 1.141000000000000000e+04 0.000000000000000000e+00 0.000000000000000000e+00 3.506337000000000000e+06 0.000000000000000000e+00
1.141000000000000000e+04 1.392300000000000000e+04 9.239700000000000000e+04 1.141000000000000000e+04 0.000000000000000000e+00 0.000000000000000000e+00 3.506337000000000000e+06 0.000000000000000000e+00
1.141000000000000000e+04 1.392300000000000000e+04 9.239700000000000000e+04 1.141000000000000000e+04 0.000000000000000000e+00 0.000000000000000000e+00 3.506337000000000000e+06 0.000000000000000000e+00
1.141000000000000000e+04 1.392300000000000000e+04 9.239700000000000000e+04 1.141000000000000000e+04 0.000000000000000000e+00 0.000000000000000000e+00 3.506337000000000000e+06 0.000000000000000000e+00
1.141000000000000000e+04 1.392300000000000000e+04 9.239700000000000000e+04 1.141000000000000000e+04 0.000000000000000000e+00 0.000000000000000000e+00 3.506337000000000000e+06 0.000000000000000000e+00
1.141000000000000000e+04 1.392300000000000000e+04 9.239700000000000000e+04 1.141000000000000000e+04 0.000000000000000000e+00 0.000000000000000000e+00 3.506337000000000000e+06 0.000000000000000000e+00
