2.280000000000000000e+02 1.324000000000000000e+03 9.399363636363636033e+03 9.399363636363636033e+03 1.500000000000000000e+00 0.000000000000000000e+00 1.869645890909091011e+07 3.957521734850064558e-06
2.280000000000000000e+02 1.413000000000000000e+03 7.639142857142856883e+03 7.639142857142856883e+03 2.700000000000000178e+00 0.000000000000000000e+00 1.978069485714285821e+07 2.723919970056418852e-06
2.280000000000000000e+02 8.440000000000000000e+02 8.514904761904761472e+03 8.514904761904761472e+03 2.071428571428571619e+00 0.000000000000000000e+00 1.861712457142857090e+07 2.788884025420874643e-06
2.280000000000000000e+02 7.450000000000000000e+02 8.338619047619047706e+03 8.338619047619047706e+03 2.076923076923077094e+00 0.000000000000000000e+00 1.803533942857142910e+07 1.325968153191556297e-04
2.280000000000000000e+02 5.340000000000000000e+02 8.009190476190476147e+03 2.280000000000000000e+02 2.700000000000000178e+00 0.000000000000000000e+00 1.842319619047619030e+07 1.171082984300234953e-04
1.155800000000000000e+04 1.607600000000000000e+04 9.566200000000000000e+04 1.155800000000000000e+04 0.000000000000000000e+00 0.000000000000000000e+00 3.461504000000000000e+06 0.000000000000000000e+00
1.155800000000000000e+04 1.607600000000000000e+04 9.566200000000000000e+04 1.155800000000000000e+04 0.000000000000000000e+00 0.000000000000000000e+00 3.461504000000000000e+06 0.000000000000000000e+00
1.155800000000000000e+04 1.607600000000000000e+04 9.566200000000000000e+04 1.155800000000000000e+04 0.000000000000000000e+00 0.000000000000000000e+00 3.461504000000000000e+06 0.000000000000000000e+00
1.155800000000000000e+04 1.607600000000000000e+04 9.566200000000000000e+04 1.155800000000000000e+04 0.000000000000000000e+00 0.000000000000000000e+00 3.461504000000000000e+06 0.000000000000000000e+00
1.155800000000000000e+04 1.607600000000000000e+04 9.566200000000000000e+04 1.155800000000000000e+04 0.000000000000000000e+00 0.000000000000000000e+00 3.461504000000000000e+06 0.000000000000000000e+00
2.280000000000000000e+02 4.010000000000000000e+02 5.364818181818181984e+03 2.280000000000000000e+02 5.600000000000000533e-01 0.000000000000000000e+00 1.046619186363636330e+07 1.644906671504592994e-04
2.280000000000000000e+02 3.220000000000000000e+02 5.548666666666666970e+03 2.280000000000000000e+02 1.875000000000000000e+00 0.000000000000000000e+00 1.020466038095238060e+07 3.021754478023252360e-04
2.280000000000000000e+02 4.660000000000000000e+02 5.221476190476190823e+03 2.280000000000000000e+02 3.444444444444444642e+00 0.000000000000000000e+00 1.042178085714285634e+07 1.579110404644409340e-04
1.493100000000000000e+04 1.812400000000000000e+04 1.164675454545454559e+05 1.164675454545454559e+05 2.777777777777777901e-01 0.000000000000000000e+00 1.676976733975897600e+18 -4.191629943429111668e-06
1.493100000000000000e+04 1.812400000000000000e+04 1.208520000000000000e+05 1.208520000000000000e+05 -9.090909090909091161e-02 0.000000000000000000e+00 2.679535000000000000e+06 0.000000000000000000e+00
1.493100000000000000e+04 1.812400000000000000e+04 1.208520000000000000e+05 1.208520000000000000e+05 0.000000000000000000e+00 0.000000000000000000e+00 2.679535000000000000e+06 0.000000000000000000e+00
1.493100000000000000e+04 1.812400000000000000e+04 1.208520000000000000e+05 1.208520000000000000e+05 0.000000000000000000e+00 0.000000000000000000e+00 2.679535000000000000e+06 0.000000000000000000e+00
1.493100000000000000e+04 1.812400000000000000e+04 1.208520000000000000e+05 1.493100000000000000e+04 0.000000000000000000e+00 0.000000000000000000e+00 2.679535000000000000e+06 0.000000000000000000e+00
1.493100000000000000e+04 1.812400000000000000e+04 1.208520000000000000e+05 1.493100000000000000e+04 0.000000000000000000e+00 0.000000000000000000e+00 2.679535000000000000e+06 0.000000000000000000e+00
1.493100000000000000e+04 1.812400000000000000e+04 1.208520000000000000e+05 1.493100000000000000e+04 0.000000000000000000e+00 0.000000000000000000e+00 2.679535000000000000e+06 0.000000000000000000e+00
1.493100000000000000e+04 1.812400000000000000e+04 1.208520000000000000e+05 1.493100000000000000e+04 0.000000000000000000e+00 0.000000000000000000e+00 2.679535000000000000e+06 0.000000000000000000e+00
1.493100000000000000e+04 1.812400000000000000e+04 1.208520000000000000e+05 1.493100000000000000e+04 0.000000000000000000e+00 0.000000000000000000e+00 2.679535000000000000e+06 0.000000000000000000e+00
1.493100000000000000e+04 1.812400000000000000e+04 1.208520000000000000e+05 1.493100000000000000e+04 0.000000000000000000e+00 0.000000000000000000e+00 2.679535000000000000e+06 0.000000000000000000e+00
2.280000000000000000e+02 4.011000000000000000e+03 1.584768181818181802e+04 1.584768181818181802e+04 5.432318840579710013e+02 0.000000000000000000e+00 1.085998890909090824e+07 2.828061841552863951e-06
1.493100000000000000e+04 1.812400000000000000e+04 1.208520000000000000e+05 1.493100000000000000e+04 0.000000000000000000e+00 0.000000000000000000e+00 2.679535000000000000e+06 0.000000000000000000e+00
2.280000000000000000e+02 1.619000000000000000e+03 9.235142857142856883e+03 9.235142857142856883e+03 1.368421052631578982e+00 0.000000000000000000e+00 1.114958866666666605e+07 7.059169600342026768e-06
2.280000000000000000e+02 9.840000000000000000e+02 8.411523809523809177e+03 8.411523809523809177e+03 3.111111111111111160e+00 0.000000000000000000e+00 1.137713133333333395e+07 3.800148948210254271e-07
1.493100000000000000e+04 1.812400000000000000e+04 1.208520000000000000e+05 1.493100000000000000e+04 0.000000000000000000e+00 0.000000000000000000e+00 2.679535000000000000e+06 0.000000000000000000e+00
1.493100000000000000e+04 1.812400000000000000e+04 1.208520000000000000e+05 1.493100000000000000e+04 0.000000000000000000e+00 0.000000000000000000e+00 2.679535000000000000e+06 0.000000000000000000e+00
1.493100000000000000e+04 1.812400000000000000e+04 1.208520000000000000e+05 1.493100000000000000e+04 0.000000000000000000e+00 0.000000000000000000e+00 2.679535000000000000e+06 0.000000000000000000e+00
1.493100000000000000e+04 1.812400000000000000e+04 1.208520000000000000e+05 1.493100000000000000e+04 0.000000000000000000e+00 0.000000000000000000e+00 2.679535000000000000e+06 0.000000000000000000e+00
1.493100000000000000e+04 1.812400000000000000e+04 1.208520000000000000e+05 1.493100000000000000e+04 0.000000000000000000e+00 0.000000000000000000e+00 2.679535000000000000e+06 0.000000000000000000e+00
2.280000000000000000e+02 4.349000000000000000e+03 1.145461904761904771e+04 1.145461904761904771e+04 2.280701754385964786e-01 0.000000000000000000e+00 1.092204600000000000e+07 -4.771464329569558995e-06
1.493100000000000000e+04 1.812400000000000000e+04 1.208520000000000000e+05 1.493100000000000000e+04 0.000000000000000000e+00 0.000000000000000000e+00 2.679535000000000000e+06 0.000000000000000000e+00
2.280000000000000000e+02 1.814000000000000000e+03 9.894761904761904589e+03 9.894761904761904589e+03 -2.473684210526315930e+00 0.000000000000000000e+00 1.080827466666666605e+07 6.152113138943337150e-06
2.280000000000000000e+02 1.059000000000000000e+03 9.307000000000000000e+03 9.307000000000000000e+03 3.000000000000000000e+00 0.000000000000000000e+00 1.149090266666666605e+07 2.092752813748013116e-04
2.280000000000000000e+02 7.990000000000000000e+02 7.235380952380952294e+03 2.280000000000000000e+02 2.500000000000000000e+00 0.000000000000000000e+00 1.092204600000000000e+07 2.130802864907067949e-04
2.280000000000000000e+02 1.046000000000000000e+03 7.695380952380952294e+03 2.280000000000000000e+02 2.545454545454545414e+00 0.000000000000000000e+00 1.126336000000000000e+07 2.427593263947695269e-04
2.280000000000000000e+02 6.800000000000000000e+02 8.161857142857143117e+03 2.280000000000000000e+02 2.899999999999999911e+00 0.000000000000000000e+00 1.126336000000000000e+07 2.325280904164459168e-04
2.280000000000000000e+02 6.730000000000000000e+02 7.880904761904761472e+03 2.280000000000000000e+02 2.777777777777777679e+00 0.000000000000000000e+00 1.092204600000000000e+07 4.855186527895390537e-04
2.280000000000000000e+02 1.133000000000000000e+03 8.094619047619047706e+03 2.280000000000000000e+02 5.799999999999999822e+00 0.000000000000000000e+00 1.103581733333333395e+07 2.343883151397774798e-04
2.280000000000000000e+02 1.497000000000000000e+03 7.572476190476190823e+03 2.280000000000000000e+02 2.799999999999999822e+00 0.000000000000000000e+00 1.137713133333333395e+07 1.699995282876537289e-06
2.280000000000000000e+02 9.000000000000000000e+02 8.920476190476190823e+03 2.280000000000000000e+02 2.030812324929972060e-02 0.000000000000000000e+00 1.114958866666666605e+07 1.996164222344258977e-04
2.280000000000000000e+02 1.904000000000000000e+03 7.426857142857143117e+03 2.280000000000000000e+02 2.384615384615384581e+00 0.000000000000000000e+00 1.092204600000000000e+07 1.377508181201223722e-05
2.280000000000000000e+02 6.280000000000000000e+02 7.886666666666666970e+03 2.280000000000000000e+02 1.645569620253164445e-01 0.000000000000000000e+00 1.126336000000000000e+07 6.210750285961846775e-05
1.493100000000000000e+04 1.812400000000000000e+04 1.208520000000000000e+05 1.493100000000000000e+04 0.000000000000000000e+00 0.000000000000000000e+00 2.679535000000000000e+06 0.000000000000000000e+00
1.493100000000000000e+04 1.812400000000000000e+04 1.208520000000000000e+05 1.493100000000000000e+04 0.000000000000000000e+00 0.000000000000000000e+00 2.679535000000000000e+06 0.000000000000000000e+00
1.493100000000000000e+04 1.812400000000000000e+04 1.208520000000000000e+05 1.493100000000000000e+04 0.000000000000000000e+00 0.000000000000000000e+00 2.679535000000000000e+06 0.000000000000000000e+00
2.280000000000000000e+02 9.570000000000000000e+02 5.343619047619047706e+03 2.280000000000000000e+02 7.419354838709677491e-01 0.000000000000000000e+00 1.126336000000000000e+07 8.109417153273550485e-05
1.493100000000000000e+04 1.812400000000000000e+04 1.208520000000000000e+05 1.493100000000000000e+04 0.000000000000000000e+00 0.000000000000000000e+00 2.679535000000000000e+06 0.000000000000000000e+00
1.493100000000000000e+04 1.812400000000000000e+04 1.208520000000000000e+05 1.493100000000000000e+04 0.000000000000000000e+00 0.000000000000000000e+00 2.679535000000000000e+06 0.000000000000000000e+00
1.493100000000000000e+04 1.812400000000000000e+04 1.208520000000000000e+05 1.493100000000000000e+04 0.000000000000000000e+00 0.000000000000000000e+00 2.679535000000000000e+06 0.000000000000000000e+00
2.280000000000000000e+02 3.380000000000000000e+02 5.449523809523809177e+03 2.280000000000000000e+02 9.687500000000000000e-01 0.000000000000000000e+00 1.092204600000000000e+07 8.948322376025987022e-05
1.493100000000000000e+04 1.812400000000000000e+04 1.208520000000000000e+05 1.493100000000000000e+04 0.000000000000000000e+00 0.000000000000000000e+00 2.679535000000000000e+06 0.000000000000000000e+00
1.493100000000000000e+04 1.812400000000000000e+04 1.208520000000000000e+05 1.493100000000000000e+04 0.000000000000000000e+00 0.000000000000000000e+00 2.679535000000000000e+06 0.000000000000000000e+00
1.493100000000000000e+04 1.812400000000000000e+04 1.208520000000000000e+05 1.493100000000000000e+04 0.000000000000000000e+00 0.000000000000000000e+00 2.679535000000000000e+06 0.000000000000000000e+00
2.280000000000000000e+02 7.380000000000000000e+02 4.996333333333333030e+03 2.280000000000000000e+02 1.068965517241379226e+00 0.000000000000000000e+00 1.080827466666666605e+07 7.395802673975568591e-05
1.493100000000000000e+04 1.812400000000000000e+04 1.208520000000000000e+05 1.493100000000000000e+04 0.000000000000000000e+00 0.000000000000000000e+00 2.679535000000000000e+06 0.000000000000000000e+00
1.493100000000000000e+04 1.812400000000000000e+04 1.208520000000000000e+05 1.493100000000000000e+04 0.000000000000000000e+00 0.000000000000000000e+00 2.679535000000000000e+06 0.000000000000000000e+00
1.493100000000000000e+04 1.812400000000000000e+04 1.208520000000000000e+05 1.493100000000000000e+04 0.000000000000000000e+00 0.000000000000000000e+00 2.679535000000000000e+06 0.000000000000000000e+00
2.280000000000000000e+02 4.590000000000000000e+02 5.138047619047619264e+03 2.280000000000000000e+02 9.696969696969697239e-01 0.000000000000000000e+00 1.167682152380952425e+07 2.435694287890945750e-04
1.493100000000000000e+04 1.812400000000000000e+04 1.208520000000000000e+05 1.493100000000000000e+04 0.000000000000000000e+00 0.000000000000000000e+00 2.679535000000000000e+06 0.000000000000000000e+00
1.493100000000000000e+04 1.812400000000000000e+04 1.208520000000000000e+05 1.493100000000000000e+04 0.000000000000000000e+00 0.000000000000000000e+00 2.679535000000000000e+06 0.000000000000000000e+00
1.493100000000000000e+04 1.812400000000000000e+04 1.208520000000000000e+05 1.493100000000000000e+04 0.000000000000000000e+00 0.000000000000000000e+00 2.679535000000000000e+06 0.000000000000000000e+00
2.280000000000000000e+02 3.660000000000000000e+02 4.945619047619047706e+03 2.280000000000000000e+02 3.193548387096774022e+00 0.000000000000000000e+00 1.198761142857142910e+07 5.084614338358203322e-05
1.493100000000000000e+04 1.812400000000000000e+04 1.208520000000000000e+05 1.493100000000000000e+04 0.000000000000000000e+00 0.000000000000000000e+00 2.679535000000000000e+06 0.000000000000000000e+00
1.493100000000000000e+04 1.812400000000000000e+04 1.208520000000000000e+05 1.493100000000000000e+04 0.000000000000000000e+00 0.000000000000000000e+00 2.679535000000000000e+06 0.000000000000000000e+00
1.493100000000000000e+04 1.812400000000000000e+04 1.208520000000000000e+05 1.493100000000000000e+04 0.000000000000000000e+00 0.000000000000000000e+00 2.679535000000000000e+06 0.000000000000000000e+00
1.493100000000000000e+04 1.812400000000000000e+04 1.208520000000000000e+05 1.493100000000000000e+04 0.000000000000000000e+00 0.000000000000000000e+00 2.679535000000000000e+06 0.000000000000000000e+00
2.280000000000000000e+02 5.730000000000000000e+02 4.679571428571428442e+03 2.280000000000000000e+02 6.666666666666666297e-01 0.000000000000000000e+00 1.123838571428571455e+07 9.360312759250328596e-05
1.493100000000000000e+04 1.812400000000000000e+04 1.208520000000000000e+05 1.493100000000000000e+04 0.000000000000000000e+00 0.000000000000000000e+00 2.679535000000000000e+06 0.000000000000000000e+00
1.493100000000000000e+04 1.812400000000000000e+04 1.208520000000000000e+05 1.493100000000000000e+04 0.000000000000000000e+00 0.000000000000000000e+00 2.679535000000000000e+06 0.000000000000000000e+00
2.280000000000000000e+02 3.010000000000000000e+02 4.895142857142856883e+03 2.280000000000000000e+02 1.227272727272727293e+00 0.000000000000000000e+00 1.173786952380952425e+07 1.656882948189138734e-04
1.493100000000000000e+04 1.812400000000000000e+04 1.208520000000000000e+05 1.493100000000000000e+04 0.000000000000000000e+00 0.000000000000000000e+00 2.679535000000000000e+06 0.000000000000000000e+00
1.493100000000000000e+04 1.812400000000000000e+04 1.208520000000000000e+05 1.493100000000000000e+04 0.000000000000000000e+00 0.000000000000000000e+00 2.679535000000000000e+06 0.000000000000000000e+00
1.493100000000000000e+04 1.812400000000000000e+04 1.208520000000000000e+05 1.493100000000000000e+04 0.000000000000000000e+00 0.000000000000000000e+00 2.679535000000000000e+06 0.000000000000000000e+00
2.280000000000000000e+02 5.380000000000000000e+02 4.843952380952380736e+03 2.280000000000000000e+02 2.172413793103448398e+00 0.000000000000000000e+00 1.186274047619047575e+07 9.533651884421631229e-06
1.493100000000000000e+04 1.812400000000000000e+04 1.208520000000000000e+05 1.493100000000000000e+04 0.000000000000000000e+00 0.000000000000000000e+00 2.679535000000000000e+06 0.000000000000000000e+00
1.493100000000000000e+04 1.812400000000000000e+04 1.208520000000000000e+05 1.493100000000000000e+04 0.000000000000000000e+00 0.000000000000000000e+00 2.679535000000000000e+06 0.000000000000000000e+00
2.280000000000000000e+02 3.100000000000000000e+02 4.804761904761904589e+03 2.280000000000000000e+02 1.250000000000000000e-01 0.000000000000000000e+00 1.061403085714285634e+07 -1.811393858040110001e-04
1.493100000000000000e+04 1.812400000000000000e+04 1.208520000000000000e+05 1.493100000000000000e+04 0.000000000000000000e+00 0.000000000000000000e+00 2.679535000000000000e+06 0.000000000000000000e+00
1.493100000000000000e+04 1.812400000000000000e+04 1.208520000000000000e+05 1.493100000000000000e+04 0.000000000000000000e+00 0.000000000000000000e+00 2.679535000000000000e+06 0.000000000000000000e+00
2.280000000000000000e+02 3.090000000000000000e+02 4.871904761904761472e+03 2.280000000000000000e+02 -2.375000000000000000e+00 0.000000000000000000e+00 1.198761142857142910e+07 1.220307441205968824e-04
1.493100000000000000e+04 1.812400000000000000e+04 1.208520000000000000e+05 1.493100000000000000e+04 0.000000000000000000e+00 0.000000000000000000e+00 2.679535000000000000e+06 0.000000000000000000e+00
2.280000000000000000e+02 9.700000000000000000e+02 4.677904761904761472e+03 2.280000000000000000e+02 1.600000000000000089e+00 0.000000000000000000e+00 1.198761142857142910e+07 2.288076452261191495e-04
2.280000000000000000e+02 5.570000000000000000e+02 5.489761904761904589e+03 2.280000000000000000e+02 3.000000000000000000e+00 0.000000000000000000e+00 1.161299857142857090e+07 2.574086008793840499e-04
2.280000000000000000e+02 3.790000000000000000e+02 4.975285714285714675e+03 2.280000000000000000e+02 3.375000000000000000e+00 0.000000000000000000e+00 6.657492238095237873e+06 7.090302348540184277e-04
2.280000000000000000e+02 5.410000000000000000e+02 5.631190476190476147e+03 2.280000000000000000e+02 5.500000000000000000e+00 0.000000000000000000e+00 6.992735666666666977e+06 6.077402013034444595e-04
2.280000000000000000e+02 3.560000000000000000e+02 5.431142857142856883e+03 2.280000000000000000e+02 4.714285714285714413e+00 0.000000000000000000e+00 7.166058761904762127e+06 4.873264683176568060e-05
2.280000000000000000e+02 4.350000000000000000e+02 5.500095238095238528e+03 2.280000000000000000e+02 4.507042253521126862e-01 0.000000000000000000e+00 7.913139285714285448e+06 1.148159412609994724e-04
1.493100000000000000e+04 1.812400000000000000e+04 1.208520000000000000e+05 1.493100000000000000e+04 0.000000000000000000e+00 0.000000000000000000e+00 2.679535000000000000e+06 0.000000000000000000e+00
1.493100000000000000e+04 1.812400000000000000e+04 1.208520000000000000e+05 1.493100000000000000e+04 0.000000000000000000e+00 0.000000000000000000e+00 2.679535000000000000e+06 0.000000000000000000e+00
2.280000000000000000e+02 7.700000000000000000e+02 5.286285714285714675e+03 2.280000000000000000e+02 1.137931034482758674e+00 0.000000000000000000e+00 8.349250761904762127e+06 1.046358521929647314e-04
1.493100000000000000e+04 1.812400000000000000e+04 1.208520000000000000e+05 1.493100000000000000e+04 0.000000000000000000e+00 0.000000000000000000e+00 2.679535000000000000e+06 0.000000000000000000e+00
1.493100000000000000e+04 1.812400000000000000e+04 1.208520000000000000e+05 1.493100000000000000e+04 0.000000000000000000e+00 0.000000000000000000e+00 2.679535000000000000e+06 0.000000000000000000e+00
2.280000000000000000e+02 6.260000000000000000e+02 5.149714285714285325e+03 2.280000000000000000e+02 1.037037037037036979e+00 0.000000000000000000e+00 9.250187333333333954e+06 8.198032169582728239e-05
1.493100000000000000e+04 1.812400000000000000e+04 1.208520000000000000e+05 1.493100000000000000e+04 0.000000000000000000e+00 0.000000000000000000e+00 2.679535000000000000e+06 0.000000000000000000e+00
1.493100000000000000e+04 1.812400000000000000e+04 1.208520000000000000e+05 1.493100000000000000e+04 0.000000000000000000e+00 0.000000000000000000e+00 2.679535000000000000e+06 0.000000000000000000e+00
1.493100000000000000e+04 1.812400000000000000e+04 1.208520000000000000e+05 1.493100000000000000e+04 0.000000000000000000e+00 0.000000000000000000e+00 2.679535000000000000e+06 0.000000000000000000e+00
2.280000000000000000e+02 6.660000000000000000e+02 4.794190476190476147e+03 2.280000000000000000e+02 8.125000000000000000e-01 0.000000000000000000e+00 8.967018333333333954e+06 1.130067203684019148e-04
1.493100000000000000e+04 1.812400000000000000e+04 1.208520000000000000e+05 1.493100000000000000e+04 0.000000000000000000e+00 0.000000000000000000e+00 2.679535000000000000e+06 0.000000000000000000e+00
1.493100000000000000e+04 1.812400000000000000e+04 1.208520000000000000e+05 1.493100000000000000e+04 0.000000000000000000e+00 0.000000000000000000e+00 2.679535000000000000e+06 0.000000000000000000e+00
2.280000000000000000e+02 6.390000000000000000e+02 5.147428571428571558e+03 2.280000000000000000e+02 1.120000000000000107e+00 0.000000000000000000e+00 9.061408000000000000e+06 6.890653681000116163e-05
1.493100000000000000e+04 1.812400000000000000e+04 1.208520000000000000e+05 1.493100000000000000e+04 0.000000000000000000e+00 0.000000000000000000e+00 2.679535000000000000e+06 0.000000000000000000e+00
1.493100000000000000e+04 1.812400000000000000e+04 1.208520000000000000e+05 1.493100000000000000e+04 0.000000000000000000e+00 0.000000000000000000e+00 2.679535000000000000e+06 0.000000000000000000e+00
1.493100000000000000e+04 1.812400000000000000e+04 1.208520000000000000e+05 1.493100000000000000e+04 0.000000000000000000e+00 0.000000000000000000e+00 2.679535000000000000e+06 0.000000000000000000e+00
1.493100000000000000e+04 1.812400000000000000e+04 1.208520000000000000e+05 1.493100000000000000e+04 0.000000000000000000e+00 0.000000000000000000e+00 2.679535000000000000e+06 0.000000000000000000e+00
2.280000000000000000e+02 5.920000000000000000e+02 5.289952380952380736e+03 2.280000000000000000e+02 6.829268292682927344e-01 0.000000000000000000e+00 8.778239000000000000e+06 1.289263178806172470e-04
1.493100000000000000e+04 1.812400000000000000e+04 1.208520000000000000e+05 1.493100000000000000e+04 0.000000000000000000e+00 0.000000000000000000e+00 2.679535000000000000e+06 0.000000000000000000e+00
2.280000000000000000e+02 2.490000000000000000e+02 4.874761904761904589e+03 2.280000000000000000e+02 1.277777777777777679e+00 0.000000000000000000e+00 8.967018333333333954e+06 3.139075565788941808e-04
2.280000000000000000e+02 5.850000000000000000e+02 4.997904761904761472e+03 2.280000000000000000e+02 3.111111111111111160e+00 0.000000000000000000e+00 8.872628666666666046e+06 8.026045480710363038e-06
2.280000000000000000e+02 3.790000000000000000e+02 4.966523809523809177e+03 2.280000000000000000e+02 7.954545454545454419e-02 0.000000000000000000e+00 9.061408000000000000e+06 3.279212867833091296e-04
2.280000000000000000e+02 3.300000000000000000e+02 5.207380952380952294e+03 2.280000000000000000e+02 3.250000000000000000e+00 0.000000000000000000e+00 8.683849333333333954e+06 1.292539089062875177e-04
1.493100000000000000e+04 1.812400000000000000e+04 1.208520000000000000e+05 1.493100000000000000e+04 0.000000000000000000e+00 0.000000000000000000e+00 2.679535000000000000e+06 0.000000000000000000e+00
2.280000000000000000e+02 5.170000000000000000e+02 5.056142857142856883e+03 2.280000000000000000e+02 1.687500000000000000e+00 0.000000000000000000e+00 1.158631171428571455e+07 8.658554928343896277e-05
1.493100000000000000e+04 1.812400000000000000e+04 1.208520000000000000e+05 1.493100000000000000e+04 0.000000000000000000e+00 0.000000000000000000e+00 2.679535000000000000e+06 0.000000000000000000e+00
1.493100000000000000e+04 1.812400000000000000e+04 1.208520000000000000e+05 1.493100000000000000e+04 0.000000000000000000e+00 0.000000000000000000e+00 2.679535000000000000e+06 0.000000000000000000e+00
2.280000000000000000e+02 4.190000000000000000e+02 5.579333333333333030e+03 2.280000000000000000e+02 1.130434782608695565e+00 0.000000000000000000e+00 1.230965800000000000e+07 8.248682505700399544e-05
1.493100000000000000e+04 1.812400000000000000e+04 1.208520000000000000e+05 1.493100000000000000e+04 0.000000000000000000e+00 0.000000000000000000e+00 2.679535000000000000e+06 0.000000000000000000e+00
1.493100000000000000e+04 1.812400000000000000e+04 1.208520000000000000e+05 1.493100000000000000e+04 0.000000000000000000e+00 0.000000000000000000e+00 2.679535000000000000e+06 0.000000000000000000e+00
2.280000000000000000e+02 7.120000000000000000e+02 5.087285714285714675e+03 2.280000000000000000e+02 1.076923076923076872e+00 0.000000000000000000e+00 1.168795800000000000e+07 5.170156356251500574e-05
1.493100000000000000e+04 1.812400000000000000e+04 1.208520000000000000e+05 1.493100000000000000e+04 0.000000000000000000e+00 0.000000000000000000e+00 2.679535000000000000e+06 0.000000000000000000e+00
1.493100000000000000e+04 1.812400000000000000e+04 1.208520000000000000e+05 1.493100000000000000e+04 0.000000000000000000e+00 0.000000000000000000e+00 2.679535000000000000e+06 0.000000000000000000e+00
1.493100000000000000e+04 1.812400000000000000e+04 1.208520000000000000e+05 1.493100000000000000e+04 0.000000000000000000e+00 0.000000000000000000e+00 2.679535000000000000e+06 0.000000000000000000e+00
2.280000000000000000e+02 5.340000000000000000e+02 5.008523809523809177e+03 2.280000000000000000e+02 6.750000000000000444e-01 0.000000000000000000e+00 1.206097800000000000e+07 1.914872724537592654e-04
2.280000000000000000e+02 2.520000000000000000e+02 4.560142857142856883e+03 2.280000000000000000e+02 2.500000000000000000e+00 0.000000000000000000e+00 1.156361800000000000e+07 6.758374321897386557e-05
1.493100000000000000e+04 1.812400000000000000e+04 1.208520000000000000e+05 1.493100000000000000e+04 0.000000000000000000e+00 0.000000000000000000e+00 2.679535000000000000e+06 0.000000000000000000e+00
1.493100000000000000e+04 1.812400000000000000e+04 1.208520000000000000e+05 1.493100000000000000e+04 0.000000000000000000e+00 0.000000000000000000e+00 2.679535000000000000e+06 0.000000000000000000e+00
1.493100000000000000e+04 1.812400000000000000e+04 1.208520000000000000e+05 1.493100000000000000e+04 0.000000000000000000e+00 0.000000000000000000e+00 2.679535000000000000e+06 0.000000000000000000e+00
2.280000000000000000e+02 4.320000000000000000e+02 4.773619047619047706e+03 2.280000000000000000e+02 8.823529411764705621e-01 0.000000000000000000e+00 1.168795800000000000e+07 7.353111262224356010e-05
1.493100000000000000e+04 1.812400000000000000e+04 1.208520000000000000e+05 1.493100000000000000e+04 0.000000000000000000e+00 0.000000000000000000e+00 2.679535000000000000e+06 0.000000000000000000e+00
1.493100000000000000e+04 1.812400000000000000e+04 1.208520000000000000e+05 1.493100000000000000e+04 0.000000000000000000e+00 0.000000000000000000e+00 2.679535000000000000e+06 0.000000000000000000e+00
2.280000000000000000e+02 5.450000000000000000e+02 4.876476190476190823e+03 2.280000000000000000e+02 9.599999999999999645e-01 0.000000000000000000e+00 1.181229800000000000e+07 7.943175746230013673e-05
1.493100000000000000e+04 1.812400000000000000e+04 1.208520000000000000e+05 1.493100000000000000e+04 0.000000000000000000e+00 0.000000000000000000e+00 2.679535000000000000e+06 0.000000000000000000e+00
1.493100000000000000e+04 1.812400000000000000e+04 1.208520000000000000e+05 1.493100000000000000e+04 0.000000000000000000e+00 0.000000000000000000e+00 2.679535000000000000e+06 0.000000000000000000e+00
2.280000000000000000e+02 4.530000000000000000e+02 5.106000000000000000e+03 2.280000000000000000e+02 1.037037037037036979e+00 0.000000000000000000e+00 1.168795800000000000e+07 2.680821814352629716e-04
2.280000000000000000e+02 3.760000000000000000e+02 5.067142857142856883e+03 2.280000000000000000e+02 3.500000000000000000e+00 0.000000000000000000e+00 1.218531800000000000e+07 1.196795452835995409e-04
1.493100000000000000e+04 1.812400000000000000e+04 1.208520000000000000e+05 1.493100000000000000e+04 0.000000000000000000e+00 0.000000000000000000e+00 2.679535000000000000e+06 0.000000000000000000e+00
2.280000000000000000e+02 4.320000000000000000e+02 5.387952380952380736e+03 2.280000000000000000e+02 1.562500000000000000e+00 0.000000000000000000e+00 1.230965800000000000e+07 7.180772717015972454e-05
1.493100000000000000e+04 1.812400000000000000e+04 1.208520000000000000e+05 1.493100000000000000e+04 0.000000000000000000e+00 0.000000000000000000e+00 2.679535000000000000e+06 0.000000000000000000e+00
1.493100000000000000e+04 1.812400000000000000e+04 1.208520000000000000e+05 1.493100000000000000e+04 0.000000000000000000e+00 0.000000000000000000e+00 2.679535000000000000e+06 0.000000000000000000e+00
1.493100000000000000e+04 1.812400000000000000e+04 1.208520000000000000e+05 1.493100000000000000e+04 0.000000000000000000e+00 0.000000000000000000e+00 2.679535000000000000e+06 0.000000000000000000e+00
2.280000000000000000e+02 3.960000000000000000e+02 5.538428571428571558e+03 2.280000000000000000e+02 9.375000000000000000e-01 0.000000000000000000e+00 1.193663800000000000e+07 7.978636352239970749e-05
1.493100000000000000e+04 1.812400000000000000e+04 1.208520000000000000e+05 1.493100000000000000e+04 0.000000000000000000e+00 0.000000000000000000e+00 2.679535000000000000e+06 0.000000000000000000e+00
1.493100000000000000e+04 1.812400000000000000e+04 1.208520000000000000e+05 1.493100000000000000e+04 0.000000000000000000e+00 0.000000000000000000e+00 2.679535000000000000e+06 0.000000000000000000e+00
2.280000000000000000e+02 3.720000000000000000e+02 5.484809523809523853e+03 2.280000000000000000e+02 1.041666666666666741e+00 0.000000000000000000e+00 1.206097800000000000e+07 1.340410907176314858e-04
1.493100000000000000e+04 1.812400000000000000e+04 1.208520000000000000e+05 1.493100000000000000e+04 0.000000000000000000e+00 0.000000000000000000e+00 2.679535000000000000e+06 0.000000000000000000e+00
2.280000000000000000e+02 4.520000000000000000e+02 5.291333333333333030e+03 2.280000000000000000e+02 1.750000000000000000e+00 0.000000000000000000e+00 1.181229800000000000e+07 7.659490898150370618e-05
1.493100000000000000e+04 1.812400000000000000e+04 1.208520000000000000e+05 1.493100000000000000e+04 0.000000000000000000e+00 0.000000000000000000e+00 2.679535000000000000e+06 0.000000000000000000e+00
1.493100000000000000e+04 1.812400000000000000e+04 1.208520000000000000e+05 1.493100000000000000e+04 0.000000000000000000e+00 0.000000000000000000e+00 2.679535000000000000e+06 0.000000000000000000e+00
2.280000000000000000e+02 4.070000000000000000e+02 5.516047619047619264e+03 2.280000000000000000e+02 1.000000000000000000e+00 0.000000000000000000e+00 1.156361800000000000e+07 7.533925473590528032e-06
1.493100000000000000e+04 1.812400000000000000e+04 1.208520000000000000e+05 1.493100000000000000e+04 0.000000000000000000e+00 0.000000000000000000e+00 2.679535000000000000e+06 0.000000000000000000e+00
2.280000000000000000e+02 4.920000000000000000e+02 4.992142857142856883e+03 2.280000000000000000e+02 9.836065573770491621e-02 0.000000000000000000e+00 1.181229800000000000e+07 2.068062542500600229e-04
2.280000000000000000e+02 3.120000000000000000e+02 4.945666666666666970e+03 2.280000000000000000e+02 2.700000000000000178e+00 0.000000000000000000e+00 1.181229800000000000e+07 5.181420313454663433e-05
1.493100000000000000e+04 1.812400000000000000e+04 1.208520000000000000e+05 1.493100000000000000e+04 0.000000000000000000e+00 0.000000000000000000e+00 2.679535000000000000e+06 0.000000000000000000e+00
1.493100000000000000e+04 1.812400000000000000e+04 1.208520000000000000e+05 1.493100000000000000e+04 0.000000000000000000e+00 0.000000000000000000e+00 2.679535000000000000e+06 0.000000000000000000e+00
2.280000000000000000e+02 8.724000000000000000e+03 1.817252380952380918e+04 2.280000000000000000e+02 6.764705882352941568e-01 0.000000000000000000e+00 1.243399800000000000e+07 8.658554928343896277e-05
1.493100000000000000e+04 1.812400000000000000e+04 1.208520000000000000e+05 1.493100000000000000e+04 0.000000000000000000e+00 0.000000000000000000e+00 2.679535000000000000e+06 0.000000000000000000e+00
1.493100000000000000e+04 1.812400000000000000e+04 1.208520000000000000e+05 1.493100000000000000e+04 0.000000000000000000e+00 0.000000000000000000e+00 2.679535000000000000e+06 0.000000000000000000e+00
2.280000000000000000e+02 6.970000000000000000e+02 7.543000000000000000e+03 2.280000000000000000e+02 1.130434782608695565e+00 0.000000000000000000e+00 1.206097800000000000e+07 7.659490898150370618e-05
1.493100000000000000e+04 1.812400000000000000e+04 1.208520000000000000e+05 1.493100000000000000e+04 0.000000000000000000e+00 0.000000000000000000e+00 2.679535000000000000e+06 0.000000000000000000e+00
1.493100000000000000e+04 1.812400000000000000e+04 1.208520000000000000e+05 1.493100000000000000e+04 0.000000000000000000e+00 0.000000000000000000e+00 2.679535000000000000e+06 0.000000000000000000e+00
1.493100000000000000e+04 1.812400000000000000e+04 1.208520000000000000e+05 1.493100000000000000e+04 0.000000000000000000e+00 0.000000000000000000e+00 2.679535000000000000e+06 0.000000000000000000e+00
2.280000000000000000e+02 2.660000000000000000e+02 4.877571428571428442e+03 2.280000000000000000e+02 1.000000000000000000e+00 0.000000000000000000e+00 1.181229800000000000e+07 7.978636352239970749e-05
1.493100000000000000e+04 1.812400000000000000e+04 1.208520000000000000e+05 1.493100000000000000e+04 0.000000000000000000e+00 0.000000000000000000e+00 2.679535000000000000e+06 0.000000000000000000e+00
1.493100000000000000e+04 1.812400000000000000e+04 1.208520000000000000e+05 1.493100000000000000e+04 0.000000000000000000e+00 0.000000000000000000e+00 2.679535000000000000e+06 0.000000000000000000e+00
2.280000000000000000e+02 2.870000000000000000e+02 4.753333333333333030e+03 2.280000000000000000e+02 1.041666666666666741e+00 0.000000000000000000e+00 1.181229800000000000e+07 1.641319478175079418e-04
1.493100000000000000e+04 1.812400000000000000e+04 1.208520000000000000e+05 1.493100000000000000e+04 0.000000000000000000e+00 0.000000000000000000e+00 2.679535000000000000e+06 0.000000000000000000e+00
2.280000000000000000e+02 4.310000000000000000e+02 5.005761904761904589e+03 2.280000000000000000e+02 2.142857142857142794e+00 0.000000000000000000e+00 1.206097800000000000e+07 2.297847269445111185e-04
2.280000000000000000e+02 4.110000000000000000e+02 5.328619047619047706e+03 2.280000000000000000e+02 3.000000000000000000e+00 0.000000000000000000e+00 1.193663800000000000e+07 5.532815095729386857e-06
1.493100000000000000e+04 1.812400000000000000e+04 1.208520000000000000e+05 1.493100000000000000e+04 0.000000000000000000e+00 0.000000000000000000e+00 2.679535000000000000e+06 0.000000000000000000e+00
1.493100000000000000e+04 1.812400000000000000e+04 1.208520000000000000e+05 1.493100000000000000e+04 0.000000000000000000e+00 0.000000000000000000e+00 2.679535000000000000e+06 0.000000000000000000e+00
2.280000000000000000e+02 4.530000000000000000e+02 5.374047619047619264e+03 2.280000000000000000e+02 7.223476297968396687e-02 0.000000000000000000e+00 1.168795800000000000e+07 6.424089140384182158e-05
2.280000000000000000e+02 3.870000000000000000e+02 5.686571428571428442e+03 2.280000000000000000e+02 8.387096774193548709e-01 0.000000000000000000e+00 1.193663800000000000e+07 5.589358222974594409e-05
1.493100000000000000e+04 1.812400000000000000e+04 1.208520000000000000e+05 1.493100000000000000e+04 0.000000000000000000e+00 0.000000000000000000e+00 2.679535000000000000e+06 0.000000000000000000e+00
1.493100000000000000e+04 1.812400000000000000e+04 1.208520000000000000e+05 1.493100000000000000e+04 0.000000000000000000e+00 0.000000000000000000e+00 2.679535000000000000e+06 0.000000000000000000e+00
1.493100000000000000e+04 1.812400000000000000e+04 1.208520000000000000e+05 1.493100000000000000e+04 0.000000000000000000e+00 0.000000000000000000e+00 2.679535000000000000e+06 0.000000000000000000e+00
1.493100000000000000e+04 1.812400000000000000e+04 1.208520000000000000e+05 1.493100000000000000e+04 0.000000000000000000e+00 0.000000000000000000e+00 2.679535000000000000e+06 0.000000000000000000e+00
2.280000000000000000e+02 3.840000000000000000e+02 5.724857142857143117e+03 2.280000000000000000e+02 7.297297297297297147e-01 0.000000000000000000e+00 1.168795800000000000e+07 9.893509076777562048e-05
1.493100000000000000e+04 1.812400000000000000e+04 1.208520000000000000e+05 1.493100000000000000e+04 0.000000000000000000e+00 0.000000000000000000e+00 2.679535000000000000e+06 0.000000000000000000e+00
1.493100000000000000e+04 1.812400000000000000e+04 1.208520000000000000e+05 1.493100000000000000e+04 0.000000000000000000e+00 0.000000000000000000e+00 2.679535000000000000e+06 0.000000000000000000e+00
2.280000000000000000e+02 5.150000000000000000e+02 5.364380952380952294e+03 2.280000000000000000e+02 1.291666666666666741e+00 0.000000000000000000e+00 1.193663800000000000e+07 5.417688684057578606e-05
1.493100000000000000e+04 1.812400000000000000e+04 1.208520000000000000e+05 1.493100000000000000e+04 0.000000000000000000e+00 0.000000000000000000e+00 2.679535000000000000e+06 0.000000000000000000e+00
1.493100000000000000e+04 1.812400000000000000e+04 1.208520000000000000e+05 1.493100000000000000e+04 0.000000000000000000e+00 0.000000000000000000e+00 2.679535000000000000e+06 0.000000000000000000e+00
1.493100000000000000e+04 1.812400000000000000e+04 1.208520000000000000e+05 1.493100000000000000e+04 0.000000000000000000e+00 0.000000000000000000e+00 2.679535000000000000e+06 0.000000000000000000e+00
2.280000000000000000e+02 4.500000000000000000e+02 5.516238095238095411e+03 2.280000000000000000e+02 7.073170731707316694e-01 0.000000000000000000e+00 1.168795800000000000e+07 6.382909081791975515e-05
1.493100000000000000e+04 1.812400000000000000e+04 1.208520000000000000e+05 1.493100000000000000e+04 0.000000000000000000e+00 0.000000000000000000e+00 2.679535000000000000e+06 0.000000000000000000e+00
1.493100000000000000e+04 1.812400000000000000e+04 1.208520000000000000e+05 1.493100000000000000e+04 0.000000000000000000e+00 0.000000000000000000e+00 2.679535000000000000e+06 0.000000000000000000e+00
2.280000000000000000e+02 2.980000000000000000e+02 5.052571428571428442e+03 2.280000000000000000e+02 8.333333333333333703e-01 0.000000000000000000e+00 1.181229800000000000e+07 2.809533571077623233e-07
2.280000000000000000e+02 4.400000000000000000e+02 5.183047619047619264e+03 2.280000000000000000e+02 3.668042182485098477e-03 0.000000000000000000e+00 1.181229800000000000e+07 1.327645089012731232e-04
2.280000000000000000e+02 3.840000000000000000e+02 4.743619047619047706e+03 2.280000000000000000e+02 1.733333333333333393e+00 0.000000000000000000e+00 1.218531800000000000e+07 3.173217657805154084e-04
