1.850000000000000000e+02 4.960000000000000000e+02 6.130409090909090992e+03 1.850000000000000000e+02 -7.500000000000000000e+00 0.000000000000000000e+00 4.223632286363636702e+07 6.460526218511985596e-05
1.850000000000000000e+02 1.511000000000000000e+03 6.228809523809523853e+03 1.850000000000000000e+02 3.833333333333333481e+00 0.000000000000000000e+00 4.218334471428571641e+07 7.889114348738709319e-05
3.360000000000000000e+02 7.770000000000000000e+02 5.612409090909090992e+03 5.612409090909090992e+03 3.246882793017456525e-01 4.000000000000000000e+00 9.989283136363636702e+06 5.377786255992348917e-08
1.850000000000000000e+02 1.092500000000000000e+04 1.373631818181818198e+04 1.850000000000000000e+02 5.000000000000000000e-01 0.000000000000000000e+00 1.082630881818181835e+07 6.167582541927597427e-05
1.850000000000000000e+02 3.473000000000000000e+03 2.432842857142857247e+04 1.850000000000000000e+02 6.567164179104477695e-01 0.000000000000000000e+00 6.584227809523809701e+06 1.893350877375010234e-05
3.360000000000000000e+02 4.370000000000000000e+02 6.151761904761904589e+03 6.151761904761904589e+03 1.038062283737024166e-02 0.000000000000000000e+00 9.142148190476190299e+06 3.877355488903171648e-08
3.140000000000000000e+02 5.540000000000000000e+02 5.215181818181818016e+03 5.215181818181818016e+03 1.253266899998471641e-03 0.000000000000000000e+00 4.472784986363636702e+07 6.024364146044224899e-06
3.140000000000000000e+02 2.620000000000000000e+02 5.406904761904761472e+03 5.406904761904761472e+03 4.799999999999999822e+00 0.000000000000000000e+00 4.288575728571428359e+07 2.746591748192691863e-08
2.637370000000000000e+05 2.991800000000000000e+05 1.920450818181818118e+06 1.920450818181818118e+06 3.816793893129770843e-03 0.000000000000000000e+00 1.676976733973694720e+18 0.000000000000000000e+00
2.637370000000000000e+05 2.991800000000000000e+05 2.116782000000000000e+06 2.116782000000000000e+06 0.000000000000000000e+00 0.000000000000000000e+00 1.094490000000000000e+05 0.000000000000000000e+00
2.660000000000000000e+02 1.234000000000000000e+03 5.450138095238095411e+04 5.450138095238095411e+04 2.500000000000000000e+02 0.000000000000000000e+00 1.020260219047619030e+07 8.625968613097388294e-07
2.660000000000000000e+02 1.908500000000000000e+04 5.392033333333333576e+04 5.392033333333333576e+04 2.166666666666666519e+00 0.000000000000000000e+00 8.048268666666666977e+06 9.568896013034458437e-10
2.660000000000000000e+02 3.614600000000000000e+04 2.299714285714285870e+04 2.299714285714285870e+04 3.212450028555111341e-03 0.000000000000000000e+00 2.184175176190476120e+07 8.490926788765333728e-07
2.660000000000000000e+02 2.611000000000000000e+03 1.692414285714285870e+04 1.692414285714285870e+04 3.428571428571428381e+00 0.000000000000000000e+00 3.399434785714285821e+07 2.714686876719484531e-10
2.690000000000000000e+02 5.210000000000000000e+02 4.393285714285714675e+03 4.393285714285714675e+03 1.500000000000000000e+01 0.000000000000000000e+00 5.281114538095238060e+07 8.767836454218581311e-10
2.690000000000000000e+02 5.600000000000000000e+02 4.991000000000000000e+03 4.991000000000000000e+03 8.086063844747573863e-04 0.000000000000000000e+00 4.646784404761904478e+07 3.267041151873950996e-08
2.660000000000000000e+02 3.692900000000000000e+04 1.302257142857142935e+04 1.302257142857142935e+04 8.434666479229634009e-04 0.000000000000000000e+00 4.990925804761904478e+07 1.410453097922903268e-06
2.660000000000000000e+02 2.108000000000000000e+03 1.628119047619047706e+04 1.628119047619047706e+04 4.200000000000000178e+00 0.000000000000000000e+00 2.532816047619047761e+07 8.441980051502045692e-09
2.690000000000000000e+02 3.220000000000000000e+02 5.173000000000000000e+03 5.173000000000000000e+03 3.026134800550206450e-02 0.000000000000000000e+00 4.487388095238095522e+07 2.254628832514067880e-09
2.690000000000000000e+02 2.850000000000000000e+02 5.095047619047619264e+03 5.095047619047619264e+03 2.026155829802910383e-03 0.000000000000000000e+00 4.549369061904761940e+07 2.999458111565593638e-10
2.690000000000000000e+02 2.720000000000000000e+02 5.015809523809523853e+03 5.015809523809523853e+03 3.091736230731858084e-04 0.000000000000000000e+00 4.653616071428571641e+07 8.645185938584323924e-05
2.690000000000000000e+02 4.940000000000000000e+02 5.352952380952380736e+03 2.690000000000000000e+02 4.166666666666666963e+00 0.000000000000000000e+00 4.341360457142857462e+07 8.709714630306146654e-07
3.200000000000000000e+02 3.980000000000000000e+02 5.338809523809523853e+03 5.338809523809523853e+03 1.159586681974741629e-01 0.000000000000000000e+00 4.367565619047619402e+07 1.545428555887721943e-09
2.780000000000000000e+02 2.930000000000000000e+02 4.538714285714285325e+03 4.538714285714285325e+03 1.806412765316874839e-03 0.000000000000000000e+00 6.584469890476190299e+07 1.991158455315917876e-09
2.290000000000000000e+02 9.000000000000000000e+02 4.637857142857143117e+03 2.290000000000000000e+02 1.885245901639344135e-01 0.000000000000000000e+00 7.159455800000000000e+07 1.117403364652380470e-05
2.290000000000000000e+02 5.280000000000000000e+02 5.414190476190476147e+03 2.290000000000000000e+02 8.000000000000000444e-01 0.000000000000000000e+00 7.159455800000000000e+07 3.675668962672303687e-06
2.290000000000000000e+02 2.600000000000000000e+02 5.018714285714285325e+03 2.290000000000000000e+02 2.631578947368420907e-01 0.000000000000000000e+00 7.159455800000000000e+07 3.454338358468380129e-06
2.290000000000000000e+02 5.040000000000000000e+02 4.800190476190476147e+03 2.290000000000000000e+02 2.473118279569892497e-01 0.000000000000000000e+00 7.159455800000000000e+07 1.156548068509629174e-06
2.290000000000000000e+02 3.240000000000000000e+02 4.612904761904761472e+03 2.290000000000000000e+02 8.280254777070063243e-02 0.000000000000000000e+00 7.159455800000000000e+07 1.289311574598900425e-05
