1.850000000000000000e+02 8.360000000000000000e+02 1.640413636363636397e+04 1.640413636363636397e+04 3.419761904761904816e+02 6.700000000000000000e+01 1.796399895454545319e+07 6.151203152486956988e-07
1.850000000000000000e+02 1.773000000000000000e+03 6.364000000000000000e+03 6.364000000000000000e+03 1.285714285714285809e+00 0.000000000000000000e+00 4.217503047619047761e+07 -4.954125502771129161e-07
1.850000000000000000e+02 4.740000000000000000e+02 7.619047619047619264e+03 7.619047619047619264e+03 -7.352941176470588758e-01 0.000000000000000000e+00 3.291925795238095149e+07 1.650980850727309648e-06
1.850000000000000000e+02 5.590000000000000000e+02 5.796000000000000000e+03 5.796000000000000000e+03 3.142857142857142794e+00 0.000000000000000000e+00 4.484496890476190299e+07 1.705289432119392890e-06
1.850000000000000000e+02 1.087000000000000000e+03 7.599809523809523853e+03 7.599809523809523853e+03 3.909090909090909172e+00 0.000000000000000000e+00 3.425517619047619402e+07 2.441144494954599835e-06
1.850000000000000000e+02 1.173000000000000000e+03 7.343809523809523853e+03 7.343809523809523853e+03 3.714285714285714413e+00 0.000000000000000000e+00 3.418877223809523880e+07 4.268954398190269097e-06
1.850000000000000000e+02 5.610000000000000000e+02 7.815047619047619264e+03 1.850000000000000000e+02 1.538461538461538547e-01 0.000000000000000000e+00 3.213914523809523880e+07 -1.234341432599049266e-04
1.850000000000000000e+02 7.020000000000000000e+02 8.095954545454545041e+03 1.850000000000000000e+02 2.700000000000000178e+00 0.000000000000000000e+00 3.102637159090908989e+07 1.006314147937952241e-04
1.850000000000000000e+02 1.324000000000000000e+03 7.517000000000000000e+03 1.850000000000000000e+02 3.857142857142857206e+00 0.000000000000000000e+00 3.352489828571428731e+07 9.385950722793293805e-05
1.850000000000000000e+02 1.802000000000000000e+03 8.247428571428570649e+03 1.850000000000000000e+02 3.500000000000000000e+00 0.000000000000000000e+00 3.077565419047619030e+07 1.730635848923477908e-04
1.850000000000000000e+02 1.897000000000000000e+03 8.320952380952381645e+03 1.850000000000000000e+02 6.500000000000000000e+00 0.000000000000000000e+00 3.040857785714285821e+07 3.488384740428434713e-07
1.850000000000000000e+02 1.089000000000000000e+03 7.694714285714285325e+03 1.850000000000000000e+02 1.313535122786978898e-02 0.000000000000000000e+00 3.262648685714285821e+07 8.576245161170615780e-05
1.850000000000000000e+02 8.680000000000000000e+02 9.435428571428570649e+03 1.850000000000000000e+02 2.875000000000000000e+00 0.000000000000000000e+00 2.695313419047619030e+07 2.686803506643981764e-05
1.850000000000000000e+02 6.810000000000000000e+02 7.186000000000000000e+03 1.850000000000000000e+02 9.230769230769231282e-01 0.000000000000000000e+00 2.777555161904761940e+07 3.980094681261039518e-05
1.850000000000000000e+02 3.620000000000000000e+02 5.151857142857143117e+03 1.850000000000000000e+02 1.149999999999999911e+00 0.000000000000000000e+00 2.701870314285714179e+07 5.518695777664256561e-05
1.850000000000000000e+02 4.160000000000000000e+02 4.762333333333333030e+03 1.850000000000000000e+02 1.714285714285714191e+00 0.000000000000000000e+00 2.921112742857142910e+07 4.760022828241654145e-05
1.850000000000000000e+02 4.760000000000000000e+02 4.900476190476190823e+03 1.850000000000000000e+02 1.437500000000000000e+00 0.000000000000000000e+00 2.840920990476190299e+07 4.690977134027104800e-05
1.850000000000000000e+02 4.300000000000000000e+02 5.172761904761904589e+03 1.850000000000000000e+02 1.388888888888888840e+00 0.000000000000000000e+00 2.691748857142857090e+07 5.414172932452559963e-05
1.850000000000000000e+02 4.470000000000000000e+02 4.810285714285714675e+03 1.850000000000000000e+02 1.733333333333333393e+00 0.000000000000000000e+00 2.898000033333333209e+07 3.321391601967619016e-05
1.850000000000000000e+02 2.770000000000000000e+02 5.064619047619047706e+03 1.850000000000000000e+02 1.000000000000000000e+00 0.000000000000000000e+00 2.755187461904761940e+07 3.067449389261048910e-05
1.850000000000000000e+02 4.530000000000000000e+02 5.133380952380952294e+03 1.850000000000000000e+02 8.888888888888888395e-01 0.000000000000000000e+00 2.711292647619047761e+07 3.188046765180776749e-05
1.850000000000000000e+02 4.650000000000000000e+02 5.109047619047619264e+03 1.850000000000000000e+02 9.200000000000000400e-01 0.000000000000000000e+00 2.724897404761904851e+07 3.708563638998401942e-05
1.850000000000000000e+02 2.220000000000000000e+02 4.840571428571428442e+03 1.850000000000000000e+02 1.199999999999999956e+00 0.000000000000000000e+00 2.889651833333333209e+07 2.961700094042863082e-05
1.850000000000000000e+02 6.350000000000000000e+02 4.659333333333333030e+03 1.850000000000000000e+02 1.000000000000000000e+00 0.000000000000000000e+00 3.005404700000000000e+07 3.555060354081877964e-05
1.850000000000000000e+02 3.000000000000000000e+02 5.091904761904761472e+03 1.850000000000000000e+02 1.090909090909090828e+00 0.000000000000000000e+00 2.738645023809523880e+07 3.239895813138749978e-05
1.850000000000000000e+02 4.160000000000000000e+02 4.591571428571428442e+03 1.850000000000000000e+02 1.047619047619047672e+00 0.000000000000000000e+00 3.030355995238095149e+07 4.243460860761253593e-05
1.850000000000000000e+02 4.240000000000000000e+02 4.982333333333333030e+03 1.850000000000000000e+02 1.250000000000000000e+00 0.000000000000000000e+00 2.792892695238095149e+07 4.643168090921467601e-05
1.850000000000000000e+02 3.210000000000000000e+02 4.654523809523809177e+03 1.850000000000000000e+02 1.437500000000000000e+00 0.000000000000000000e+00 2.988215857142857090e+07 1.204445718202972021e-05
1.850000000000000000e+02 8.030000000000000000e+02 4.846857142857143117e+03 1.850000000000000000e+02 3.793103448275861878e-01 0.000000000000000000e+00 2.878656500000000000e+07 2.905982712250725238e-05
1.850000000000000000e+02 5.430000000000000000e+02 5.160857142857143117e+03 1.850000000000000000e+02 8.709677419354838745e-01 0.000000000000000000e+00 2.702518947619047761e+07 4.938924437254833794e-05
1.850000000000000000e+02 4.800000000000000000e+02 4.860476190476190823e+03 1.850000000000000000e+02 1.500000000000000000e+00 0.000000000000000000e+00 2.863044466666666791e+07 5.177256145492028751e-05
1.850000000000000000e+02 3.590000000000000000e+02 4.857000000000000000e+03 1.850000000000000000e+02 1.600000000000000089e+00 0.000000000000000000e+00 2.865044538095238060e+07 2.168919373124023297e-05
1.850000000000000000e+02 4.040000000000000000e+02 5.005190476190476147e+03 1.850000000000000000e+02 6.571428571428571397e-01 0.000000000000000000e+00 2.784069342857142910e+07 1.567124629988614587e-05
1.850000000000000000e+02 6.100000000000000000e+02 5.226238095238095411e+03 1.850000000000000000e+02 4.642857142857143016e-01 0.000000000000000000e+00 2.669150742857142910e+07 4.303565421622736507e-05
1.850000000000000000e+02 3.100000000000000000e+02 5.642476190476190823e+03 1.850000000000000000e+02 1.149999999999999911e+00 0.000000000000000000e+00 2.466119628571428731e+07 9.208103130755065609e-06
1.850000000000000000e+02 3.110000000000000000e+02 5.123000000000000000e+03 1.850000000000000000e+02 2.666666666666666630e-01 0.000000000000000000e+00 2.715690676190476120e+07 2.232711119392377023e-05
1.850000000000000000e+02 2.130000000000000000e+02 4.954571428571428442e+03 1.850000000000000000e+02 6.764705882352941568e-01 0.000000000000000000e+00 2.810104752380952239e+07 9.956099890264089288e-06
1.850000000000000000e+02 2.750000000000000000e+02 4.998428571428571558e+03 1.850000000000000000e+02 3.033707865168539519e-01 0.000000000000000000e+00 2.787218447619047761e+07 3.756215572565473309e-05
1.850000000000000000e+02 3.920000000000000000e+02 5.117666666666666970e+03 1.850000000000000000e+02 1.120000000000000107e+00 0.000000000000000000e+00 2.722544852380952239e+07 5.134596589780039916e-05
1.850000000000000000e+02 4.150000000000000000e+02 4.914095238095238528e+03 1.850000000000000000e+02 1.562500000000000000e+00 0.000000000000000000e+00 2.834106690476190299e+07 2.526141319891707569e-05
1.850000000000000000e+02 8.880000000000000000e+02 4.543142857142856883e+03 1.850000000000000000e+02 8.461538461538461453e-01 0.000000000000000000e+00 3.065455076190476120e+07 2.869357475078411038e-05
1.850000000000000000e+02 3.250000000000000000e+02 5.251142857142856883e+03 1.850000000000000000e+02 8.181818181818182323e-01 0.000000000000000000e+00 2.650311980952380970e+07 3.136952852356726169e-05
1.850000000000000000e+02 2.950000000000000000e+02 4.959952380952380736e+03 1.850000000000000000e+02 9.230769230769231282e-01 0.000000000000000000e+00 2.805507647619047761e+07 2.929881253823574041e-05
1.850000000000000000e+02 4.930000000000000000e+02 4.849380952380952294e+03 1.850000000000000000e+02 8.846153846153845812e-01 0.000000000000000000e+00 2.867683704761904851e+07 3.874466385081211758e-05
1.850000000000000000e+02 5.780000000000000000e+02 5.169000000000000000e+03 1.850000000000000000e+02 1.090909090909090828e+00 0.000000000000000000e+00 2.690973514285714179e+07 1.565891386359799013e-05
1.850000000000000000e+02 3.320000000000000000e+02 5.499952380952380736e+03 1.850000000000000000e+02 4.285714285714285476e-01 0.000000000000000000e+00 2.531488090476190299e+07 2.305338749767914770e-05
1.850000000000000000e+02 4.610000000000000000e+02 5.261476190476190823e+03 1.850000000000000000e+02 6.578947368421053099e-01 0.000000000000000000e+00 2.646161490476190299e+07 1.791474392097060643e-05
1.850000000000000000e+02 3.320000000000000000e+02 5.119428571428571558e+03 1.850000000000000000e+02 5.365853658536585691e-01 0.000000000000000000e+00 2.722918857142857090e+07 1.577607066669990134e-05
1.850000000000000000e+02 1.981000000000000000e+03 5.508857142857143117e+03 1.850000000000000000e+02 5.000000000000000000e-01 0.000000000000000000e+00 2.679200609523809701e+07 1.149850283824016817e-05
1.850000000000000000e+02 2.137000000000000000e+03 1.040585714285714312e+04 1.850000000000000000e+02 2.171717171717171824e-01 0.000000000000000000e+00 1.400995095238095149e+07 3.812010838004253779e-05
1.850000000000000000e+02 1.970000000000000000e+02 4.835045454545454959e+03 1.850000000000000000e+02 5.607476635514018620e-02 0.000000000000000000e+00 2.881868240909091011e+07 3.006135793707177933e-05
1.850000000000000000e+02 3.480000000000000000e+02 4.929761904761904589e+03 1.850000000000000000e+02 9.230769230769231282e-01 0.000000000000000000e+00 2.823523842857142910e+07 4.478735061898997421e-05
1.850000000000000000e+02 2.800000000000000000e+02 4.780428571428571558e+03 1.850000000000000000e+02 1.399999999999999911e+00 0.000000000000000000e+00 2.910983076190476120e+07 7.807463788163948027e-07
1.850000000000000000e+02 4.030000000000000000e+02 4.756476190476190823e+03 1.850000000000000000e+02 2.458210422812192805e-02 0.000000000000000000e+00 2.924843495238095149e+07 2.838907673903114817e-06
1.850000000000000000e+02 4.170000000000000000e+02 5.211761904761904589e+03 1.850000000000000000e+02 8.389261744966443335e-02 0.000000000000000000e+00 2.675886909523809701e+07 1.903487609154953068e-05
1.850000000000000000e+02 3.610000000000000000e+02 4.940428571428571558e+03 1.850000000000000000e+02 5.833333333333333703e-01 0.000000000000000000e+00 2.824747485714285821e+07 2.679121790992659887e-05
1.850000000000000000e+02 4.840000000000000000e+02 4.918238095238095411e+03 1.850000000000000000e+02 8.064516129032257563e-01 0.000000000000000000e+00 2.830628895238095149e+07 9.739500174234345730e-06
1.850000000000000000e+02 4.040000000000000000e+02 4.944904761904761472e+03 1.850000000000000000e+02 2.894736842105263275e-01 0.000000000000000000e+00 2.815635695238095149e+07 2.918956715120840734e-05
1.850000000000000000e+02 4.920000000000000000e+02 4.597190476190476147e+03 1.850000000000000000e+02 9.583333333333333703e-01 0.000000000000000000e+00 3.031746857142857090e+07 3.603677568626947376e-05
1.850000000000000000e+02 3.400000000000000000e+02 4.865380952380952294e+03 1.850000000000000000e+02 1.149999999999999911e+00 0.000000000000000000e+00 2.862123361904761940e+07 3.254900113788053033e-05
1.850000000000000000e+02 2.670000000000000000e+02 4.418904761904761472e+03 1.850000000000000000e+02 1.142857142857142794e+00 0.000000000000000000e+00 3.154839552380952239e+07 1.324277655565950605e-05
1.850000000000000000e+02 4.830000000000000000e+02 4.569714285714285325e+03 1.850000000000000000e+02 4.259259259259259300e-01 0.000000000000000000e+00 3.045761804761904851e+07 2.607962033932763438e-05
1.850000000000000000e+02 4.860000000000000000e+02 5.114095238095238528e+03 1.850000000000000000e+02 7.931034482758620996e-01 0.000000000000000000e+00 2.730666661904761940e+07 3.103624145613861088e-05
1.850000000000000000e+02 5.530000000000000000e+02 5.283190476190476147e+03 1.850000000000000000e+02 8.928571428571429047e-01 0.000000000000000000e+00 2.637281647619047761e+07 7.710023366264988470e-06
1.850000000000000000e+02 4.820000000000000000e+02 5.001428571428571558e+03 1.850000000000000000e+02 2.254901960784313764e-01 0.000000000000000000e+00 2.781887204761904851e+07 2.356557401596653365e-06
1.850000000000000000e+02 4.610000000000000000e+02 4.723904761904761472e+03 1.850000000000000000e+02 7.868852459016394130e-02 0.000000000000000000e+00 2.955519980952380970e+07 8.608970678374963499e-06
1.850000000000000000e+02 3.780000000000000000e+02 5.340238095238095411e+03 1.850000000000000000e+02 2.526315789473684292e-01 0.000000000000000000e+00 2.608548623809523880e+07 2.834829710007551233e-05
1.850000000000000000e+02 3.340000000000000000e+02 4.862047619047619264e+03 1.850000000000000000e+02 8.800000000000000044e-01 0.000000000000000000e+00 2.863568009523809701e+07 2.926622977063324061e-06
1.850000000000000000e+02 4.590000000000000000e+02 4.994095238095238528e+03 1.850000000000000000e+02 8.799999999999999489e-02 0.000000000000000000e+00 2.785739114285714179e+07 1.167616688669852103e-06
1.850000000000000000e+02 5.670000000000000000e+02 4.867380952380952294e+03 1.850000000000000000e+02 3.633491311216429515e-02 0.000000000000000000e+00 2.862208128571428731e+07 3.317075351911012081e-05
1.850000000000000000e+02 4.350000000000000000e+02 5.116095238095238528e+03 1.850000000000000000e+02 1.000000000000000000e+00 0.000000000000000000e+00 2.728616166666666791e+07 5.607847979414107032e-05
1.850000000000000000e+02 5.420000000000000000e+02 4.988666666666666970e+03 1.850000000000000000e+02 1.642857142857142794e+00 0.000000000000000000e+00 2.790842957142857090e+07 3.862774255226443575e-05
1.850000000000000000e+02 2.600000000000000000e+02 5.016666666666666970e+03 1.850000000000000000e+02 1.130434782608695565e+00 0.000000000000000000e+00 2.774373585714285821e+07 8.236218343097947251e-07
1.850000000000000000e+02 4.330000000000000000e+02 4.719809523809523853e+03 1.850000000000000000e+02 2.549889135254988781e-02 0.000000000000000000e+00 2.946932633333333209e+07 5.313075638538713227e-05
1.850000000000000000e+02 4.020000000000000000e+02 4.784857142857143117e+03 1.850000000000000000e+02 1.600000000000000089e+00 0.000000000000000000e+00 2.906599980952380970e+07 4.565120366369778440e-05
1.850000000000000000e+02 4.540000000000000000e+02 4.963428571428571558e+03 1.850000000000000000e+02 1.411764705882353033e+00 0.000000000000000000e+00 2.808707204761904851e+07 6.415458182696319141e-05
4.350000000000000000e+02 2.020000000000000000e+02 4.602363636363636033e+03 4.602363636363636033e+03 1.636363636363636465e+00 0.000000000000000000e+00 8.384883670351338240e+17 1.573181717667604996e-07
2.590000000000000000e+02 4.323000000000000000e+03 5.209636363636363967e+03 5.209636363636363967e+03 1.043902439024390283e+00 0.000000000000000000e+00 4.857764981818182021e+07 4.449991986798301028e-07
2.590000000000000000e+02 1.252000000000000000e+03 1.064576190476190459e+04 1.064576190476190459e+04 7.560975609756097615e-01 0.000000000000000000e+00 2.851309152380952239e+07 9.979515066338411828e-07
2.590000000000000000e+02 1.741000000000000000e+03 5.917190476190476147e+03 5.917190476190476147e+03 1.190476190476190466e+00 0.000000000000000000e+00 4.285015880952380598e+07 2.251217417500666430e-08
2.590000000000000000e+02 1.479000000000000000e+03 1.070452380952380918e+04 1.070452380952380918e+04 3.846153846153846367e-02 0.000000000000000000e+00 2.819361680952380970e+07 -7.645454605588561878e-08
2.590000000000000000e+02 1.215000000000000000e+03 5.898047619047619264e+03 5.898047619047619264e+03 -9.090909090909091161e-02 0.000000000000000000e+00 4.296735980952380598e+07 3.486468983199360878e-06
2.590000000000000000e+02 1.177000000000000000e+03 9.466619047619047706e+03 9.466619047619047706e+03 4.833333333333333037e+00 0.000000000000000000e+00 2.683498185714285821e+07 1.065200786264941264e-04
2.590000000000000000e+02 8.910000000000000000e+02 7.973666666666666970e+03 2.590000000000000000e+02 3.857142857142857206e+00 0.000000000000000000e+00 3.158445433333333209e+07 2.976645458257496591e-07
2.380000000000000000e+02 1.230000000000000000e+03 6.769952380952380736e+03 2.380000000000000000e+02 1.355166572557876987e-02 0.000000000000000000e+00 3.743875771428571641e+07 1.104524781814335694e-04
2.380000000000000000e+02 8.850000000000000000e+02 7.377523809523809177e+03 2.380000000000000000e+02 4.599999999999999645e+00 0.000000000000000000e+00 3.408538342857142538e+07 2.260918179426466657e-05
2.380000000000000000e+02 4.710000000000000000e+02 6.376714285714285325e+03 2.380000000000000000e+02 7.857142857142856984e-01 0.000000000000000000e+00 2.668596780952380970e+07 3.917259730373354328e-05
2.380000000000000000e+02 5.860000000000000000e+02 5.218761904761904589e+03 2.380000000000000000e+02 1.130434782608695565e+00 0.000000000000000000e+00 2.668504933333333209e+07 3.211973489655605985e-05
2.380000000000000000e+02 4.330000000000000000e+02 4.379904761904761472e+03 2.380000000000000000e+02 1.100000000000000089e+00 0.000000000000000000e+00 3.184730347619047761e+07 4.171846274556920814e-05
2.380000000000000000e+02 3.450000000000000000e+02 4.221238095238095411e+03 2.380000000000000000e+02 1.466666666666666563e+00 0.000000000000000000e+00 3.295512404761904851e+07 4.572159026370265303e-05
2.380000000000000000e+02 3.580000000000000000e+02 4.527285714285714675e+03 2.380000000000000000e+02 1.533333333333333437e+00 0.000000000000000000e+00 3.073053404761904851e+07 4.170191765804995710e-05
2.380000000000000000e+02 3.230000000000000000e+02 4.515238095238095411e+03 2.380000000000000000e+02 1.350000000000000089e+00 0.000000000000000000e+00 3.082510966666666791e+07 3.071212292797959709e-05
2.380000000000000000e+02 3.080000000000000000e+02 4.785000000000000000e+03 2.380000000000000000e+02 9.615384615384615641e-01 0.000000000000000000e+00 2.911327504761904851e+07 3.518437217598793874e-05
2.380000000000000000e+02 5.350000000000000000e+02 4.727714285714285325e+03 2.380000000000000000e+02 1.136363636363636465e+00 0.000000000000000000e+00 2.947022461904761940e+07 5.633968376220002141e-05
2.380000000000000000e+02 4.090000000000000000e+02 4.987476190476190823e+03 2.380000000000000000e+02 1.666666666666666741e+00 0.000000000000000000e+00 2.789143957142857090e+07 1.130202169705163110e-06
2.380000000000000000e+02 4.580000000000000000e+02 4.792952380952380736e+03 2.380000000000000000e+02 3.571428571428571230e-02 0.000000000000000000e+00 2.906870333333333209e+07 1.513941646390950793e-05
2.340000000000000000e+02 4.450000000000000000e+02 4.817380952380952294e+03 2.340000000000000000e+02 5.000000000000000000e-01 0.000000000000000000e+00 2.904138185714285821e+07 2.957178284138701300e-05
2.340000000000000000e+02 3.980000000000000000e+02 4.872619047619047706e+03 2.340000000000000000e+02 8.928571428571429047e-01 0.000000000000000000e+00 2.856302552380952239e+07 1.536195047196798423e-05
2.340000000000000000e+02 3.090000000000000000e+02 4.692904761904761472e+03 2.340000000000000000e+02 4.905660377358490587e-01 0.000000000000000000e+00 2.965208809523809701e+07 2.722804923928345155e-05
2.340000000000000000e+02 4.710000000000000000e+02 4.522333333333333030e+03 2.340000000000000000e+02 9.166666666666666297e-01 0.000000000000000000e+00 3.078016300000000000e+07 3.527546214005501473e-05
2.340000000000000000e+02 3.050000000000000000e+02 4.551809523809523853e+03 2.340000000000000000e+02 1.190476190476190466e+00 0.000000000000000000e+00 3.061509100000000000e+07 1.782525950248597339e-05
2.340000000000000000e+02 2.960000000000000000e+02 4.774380952380952294e+03 2.340000000000000000e+02 5.853658536585365502e-01 0.000000000000000000e+00 2.932182128571428731e+07 1.687170798311161821e-05
2.340000000000000000e+02 4.640000000000000000e+02 4.675047619047619264e+03 2.340000000000000000e+02 5.581395348837209225e-01 0.000000000000000000e+00 2.984561057142857090e+07 2.360019184045275843e-05
2.340000000000000000e+02 4.380000000000000000e+02 4.227000000000000000e+03 2.340000000000000000e+02 9.230769230769231282e-01 0.000000000000000000e+00 3.307627009523809701e+07 3.506677702313531396e-05
2.340000000000000000e+02 4.330000000000000000e+02 3.730714285714285779e+03 2.340000000000000000e+02 1.437500000000000000e+00 0.000000000000000000e+00 3.737113466666666418e+07 3.200787070757406169e-05
2.340000000000000000e+02 5.340000000000000000e+02 4.472523809523809177e+03 2.340000000000000000e+02 1.149999999999999911e+00 0.000000000000000000e+00 3.144745861904761940e+07 3.959004870017570645e-05
2.340000000000000000e+02 2.410000000000000000e+02 4.868047619047619264e+03 2.340000000000000000e+02 1.238095238095238138e+00 0.000000000000000000e+00 2.861052109523809701e+07 1.424079656848266259e-05
2.340000000000000000e+02 3.410000000000000000e+02 4.693904761904761472e+03 2.340000000000000000e+02 4.461538461538461786e-01 0.000000000000000000e+00 2.965651047619047761e+07 2.297315539522503018e-06
2.340000000000000000e+02 3.790000000000000000e+02 4.858190476190476147e+03 2.340000000000000000e+02 7.440476190476190410e-02 0.000000000000000000e+00 2.870416766666666791e+07 2.904509161013591386e-05
2.340000000000000000e+02 2.100000000000000000e+02 5.045666666666666970e+03 2.340000000000000000e+02 8.333333333333333703e-01 0.000000000000000000e+00 2.757707176190476120e+07 3.045974483820201498e-05
2.340000000000000000e+02 5.180000000000000000e+02 4.812095238095238528e+03 2.340000000000000000e+02 9.629629629629629095e-01 0.000000000000000000e+00 2.894849961904761940e+07 2.004446863696739066e-05
2.340000000000000000e+02 3.800000000000000000e+02 5.366190476190476147e+03 2.340000000000000000e+02 5.853658536585365502e-01 0.000000000000000000e+00 2.600521380952380970e+07 2.462373836498981398e-05
2.340000000000000000e+02 1.610000000000000000e+02 5.031952380952380736e+03 2.340000000000000000e+02 7.586206896551723755e-01 0.000000000000000000e+00 2.777327404761904851e+07 1.330653143599522919e-05
2.340000000000000000e+02 3.730000000000000000e+02 4.613761904761904589e+03 2.340000000000000000e+02 4.285714285714285476e-01 0.000000000000000000e+00 3.017277276190476120e+07 2.804347078808182720e-05
2.340000000000000000e+02 3.900000000000000000e+02 5.014809523809523853e+03 2.340000000000000000e+02 8.666666666666666963e-01 0.000000000000000000e+00 2.777129661904761940e+07 7.461425082182798893e-08
2.340000000000000000e+02 5.130000000000000000e+02 4.838952380952380736e+03 2.340000000000000000e+02 2.428465843099989439e-03 0.000000000000000000e+00 2.884749957142857090e+07 2.842757845711118270e-08
2.340000000000000000e+02 3.980000000000000000e+02 5.949666666666666970e+03 2.340000000000000000e+02 8.256708575717770738e-04 0.000000000000000000e+00 2.352869171428571269e+07 1.293690556277314260e-04
2.340000000000000000e+02 2.590000000000000000e+02 5.375238095238095411e+03 2.340000000000000000e+02 4.166666666666666963e+00 0.000000000000000000e+00 2.633146776190476120e+07 1.335577839639549738e-04
2.340000000000000000e+02 3.250000000000000000e+02 5.148809523809523853e+03 2.340000000000000000e+02 4.599999999999999645e+00 0.000000000000000000e+00 2.743244966666666791e+07 8.705589909544506187e-08
2.340000000000000000e+02 3.390000000000000000e+02 4.949380952380952294e+03 2.340000000000000000e+02 2.700617283950617134e-03 0.000000000000000000e+00 2.818466928571428731e+07 1.084298408577834770e-07
2.340000000000000000e+02 3.230000000000000000e+02 4.686500000000000000e+03 2.340000000000000000e+02 4.339963833634719742e-02 0.000000000000000000e+00 2.975748350000000000e+07 1.442678574089014018e-06
2.340000000000000000e+02 3.080000000000000000e+02 4.566476190476190823e+03 2.340000000000000000e+02 5.043859649122806738e-02 0.000000000000000000e+00 3.060248419047619030e+07 1.128019877974921624e-06
2.340000000000000000e+02 3.560000000000000000e+02 4.205666666666666970e+03 2.340000000000000000e+02 3.958691910499139571e-02 0.000000000000000000e+00 3.309203971428571269e+07 1.187695831968862218e-06
2.340000000000000000e+02 2.980000000000000000e+02 4.448714285714285325e+03 2.340000000000000000e+02 4.085603112840466983e-02 0.000000000000000000e+00 3.135482785714285821e+07 6.162738779733684743e-07
2.340000000000000000e+02 4.740000000000000000e+02 4.375238095238095411e+03 2.340000000000000000e+02 2.180376610505450896e-02 0.000000000000000000e+00 3.191273866666666791e+07 1.050351594692807614e-06
2.340000000000000000e+02 4.220000000000000000e+02 4.204142857142856883e+03 2.340000000000000000e+02 3.818181818181818482e-02 0.000000000000000000e+00 3.314740433333333209e+07 1.286629943199944436e-06
2.340000000000000000e+02 3.700000000000000000e+02 4.252428571428571558e+03 2.340000000000000000e+02 4.526748971193415849e-02 0.000000000000000000e+00 3.275767033333333209e+07 1.088744605411893245e-06
2.340000000000000000e+02 4.030000000000000000e+02 4.644047619047619264e+03 2.340000000000000000e+02 3.588907014681892022e-02 0.000000000000000000e+00 2.999364790476190299e+07 5.985709498501635220e-07
2.340000000000000000e+02 5.630000000000000000e+02 4.604523809523809177e+03 2.340000000000000000e+02 1.989150090415913244e-02 0.000000000000000000e+00 3.028263233333333209e+07 7.170898312400503482e-07
2.340000000000000000e+02 3.580000000000000000e+02 4.528523809523809177e+03 2.340000000000000000e+02 2.292576419213973940e-02 0.000000000000000000e+00 3.070920880952380970e+07 1.302139319466909551e-06
2.340000000000000000e+02 4.400000000000000000e+02 4.637523809523809177e+03 2.340000000000000000e+02 4.280155642023346363e-02 0.000000000000000000e+00 3.003410333333333209e+07 1.506404824422779573e-06
2.340000000000000000e+02 2.430000000000000000e+02 4.946000000000000000e+03 2.340000000000000000e+02 4.448742746615087090e-02 0.000000000000000000e+00 2.811975923809523880e+07 7.110901733066073872e-07
2.340000000000000000e+02 5.990000000000000000e+02 4.782761904761904589e+03 2.340000000000000000e+02 2.182539682539682419e-02 0.000000000000000000e+00 2.910344742857142910e+07 1.449993875612534420e-06
2.340000000000000000e+02 4.490000000000000000e+02 4.423857142857143117e+03 2.340000000000000000e+02 4.906542056074766206e-02 0.000000000000000000e+00 3.150721357142857090e+07 1.378116617621333837e-06
2.340000000000000000e+02 3.050000000000000000e+02 4.790476190476190823e+03 2.340000000000000000e+02 4.230769230769231004e-02 0.000000000000000000e+00 2.905089257142857090e+07 1.390580781662445333e-06
2.340000000000000000e+02 1.810000000000000000e+02 4.543952380952380736e+03 2.340000000000000000e+02 4.517453798767967488e-02 0.000000000000000000e+00 3.064249604761904851e+07 1.184400014719766342e-06
2.340000000000000000e+02 2.010000000000000000e+02 4.481761904761904589e+03 2.340000000000000000e+02 4.222648752399232180e-02 0.000000000000000000e+00 3.122284090476190299e+07 1.357194058350668830e-06
2.340000000000000000e+02 3.980000000000000000e+02 4.936809523809523853e+03 2.340000000000000000e+02 4.814004376367615051e-02 0.000000000000000000e+00 2.865157704761904851e+07 6.968898906176746496e-07
2.340000000000000000e+02 6.310000000000000000e+02 4.780523809523809177e+03 2.340000000000000000e+02 2.277227722772277169e-02 0.000000000000000000e+00 2.926061200000000000e+07 1.240410702013199612e-06
2.340000000000000000e+02 2.990000000000000000e+02 4.588714285714285325e+03 2.340000000000000000e+02 4.014598540145985356e-02 0.000000000000000000e+00 3.037479376190476120e+07 1.575332607055163437e-06
2.340000000000000000e+02 4.420000000000000000e+02 4.725809523809523853e+03 2.340000000000000000e+02 5.080831408775981356e-02 0.000000000000000000e+00 2.947356895238095149e+07 6.715819649742325862e-07
2.340000000000000000e+02 5.990000000000000000e+02 4.760857142857143117e+03 2.340000000000000000e+02 2.067669172932330712e-02 0.000000000000000000e+00 2.921871095238095149e+07 1.298471874861570125e-06
2.340000000000000000e+02 5.870000000000000000e+02 4.611666666666666970e+03 2.340000000000000000e+02 4.251012145748987725e-02 0.000000000000000000e+00 3.022163123809523880e+07 1.173633970159253056e-06
2.340000000000000000e+02 4.330000000000000000e+02 4.465238095238095411e+03 2.340000000000000000e+02 4.046242774566474049e-02 0.000000000000000000e+00 3.120076433333333209e+07 1.221459795316157196e-06
2.340000000000000000e+02 3.870000000000000000e+02 4.220523809523809177e+03 2.340000000000000000e+02 4.268292682926829590e-02 0.000000000000000000e+00 3.295962338095238060e+07 1.331626646778071948e-06
4.220000000000000000e+02 2.410000000000000000e+02 4.536045454545454959e+03 4.536045454545454959e+03 1.545454545454545414e+00 0.000000000000000000e+00 8.384883670356495360e+17 2.712501933606682260e-06
3.140000000000000000e+02 4.180000000000000000e+02 4.978727272727272975e+03 4.978727272727272975e+03 2.207293666026871257e-02 0.000000000000000000e+00 4.667945336363636702e+07 1.039227264428096431e-07
3.140000000000000000e+02 4.170000000000000000e+02 4.751619047619047706e+03 4.751619047619047706e+03 8.396946564885496289e-02 0.000000000000000000e+00 4.888609066666666418e+07 1.706726742918414873e-06
3.140000000000000000e+02 2.700000000000000000e+02 5.011190476190476147e+03 3.140000000000000000e+02 8.365019011406843452e-02 0.000000000000000000e+00 4.628448133333333582e+07 2.870950117805414079e-08
3.140000000000000000e+02 4.400000000000000000e+02 4.667571428571428442e+03 3.140000000000000000e+02 1.562832989983661347e-03 0.000000000000000000e+00 4.974326857142857462e+07 2.265788889537599432e-07
3.140000000000000000e+02 2.680000000000000000e+02 4.858904761904761472e+03 3.140000000000000000e+02 1.240694789081885942e-02 0.000000000000000000e+00 4.806838209523809701e+07 6.808041883024387848e-07
4.220000000000000000e+02 1.380000000000000000e+02 4.831863636363636033e+03 4.831863636363636033e+03 1.099346178325522278e-03 0.000000000000000000e+00 4.796243604545454681e+07 9.837016619762541331e-05
3.210000000000000000e+02 3.420000000000000000e+02 5.068666666666666970e+03 3.210000000000000000e+02 4.799999999999999822e+00 0.000000000000000000e+00 4.576094523809523880e+07 1.181174671951029679e-06
3.210000000000000000e+02 3.530000000000000000e+02 4.928571428571428442e+03 3.210000000000000000e+02 5.858585858585858841e-02 0.000000000000000000e+00 4.706575595238095522e+07 1.750561123801677385e-04
3.080000000000000000e+02 3.000000000000000000e+02 4.281095238095238528e+03 3.080000000000000000e+02 4.158415841584158640e-02 0.000000000000000000e+00 5.438633657142857462e+07 1.617649317167785243e-08
3.210000000000000000e+02 1.956600000000000000e+04 1.510452380952380918e+04 3.210000000000000000e+02 8.250000000000000000e+00 0.000000000000000000e+00 2.755549804761904851e+07 5.549663538886408116e-08
3.210000000000000000e+02 3.350500000000000000e+04 2.309923809523809541e+04 3.210000000000000000e+02 1.149835454581499489e-03 0.000000000000000000e+00 1.216702495238095149e+07 3.710808183408178845e-04
4.000000000000000000e+02 9.220000000000000000e+02 8.834142857142856883e+03 8.834142857142856883e+03 2.250000000000000000e+02 0.000000000000000000e+00 2.963587242857142910e+07 2.068121354716656267e-06
3.380000000000000000e+02 5.640000000000000000e+02 4.726714285714285325e+03 4.726714285714285325e+03 1.800000000000000044e+00 0.000000000000000000e+00 5.444966047619047761e+07 1.338548075436985684e-08
3.380000000000000000e+02 1.586000000000000000e+03 6.565142857142856883e+03 6.565142857142856883e+03 1.285976729944886786e-02 0.000000000000000000e+00 3.689834214285714179e+07 5.999365869814478364e-06
3.380000000000000000e+02 8.310000000000000000e+02 9.529238095238095411e+03 9.529238095238095411e+03 4.400000000000000355e+00 0.000000000000000000e+00 2.434952642857142910e+07 4.472713652467450072e-10
2.570000000000000000e+02 3.340000000000000000e+02 4.924190476190476147e+03 4.924190476190476147e+03 3.861942899632860027e-02 0.000000000000000000e+00 4.707929185714285821e+07 1.829270994370314149e-06
3.380000000000000000e+02 5.160000000000000000e+02 9.876476190476190823e+03 9.876476190476190823e+03 3.178589024332098838e-04 0.000000000000000000e+00 2.347671833333333209e+07 1.073225284724004775e-06
2.570000000000000000e+02 3.980000000000000000e+02 4.715666666666666970e+03 4.715666666666666970e+03 1.818181818181818121e+00 0.000000000000000000e+00 4.930668195238095522e+07 5.596692622940158607e-09
3.110000000000000000e+02 9.049000000000000000e+03 2.376152380952380918e+04 2.376152380952380918e+04 1.909090909090909172e+00 0.000000000000000000e+00 1.307070319047619030e+07 1.734763965568208164e-07
2.570000000000000000e+02 5.210000000000000000e+02 5.278952380952380736e+03 5.278952380952380736e+03 5.490391814324931119e-03 0.000000000000000000e+00 4.397353066666666418e+07 1.151111450030114808e-08
3.110000000000000000e+02 1.161000000000000000e+03 9.314238095238095411e+03 3.110000000000000000e+02 5.243445692883895448e-03 0.000000000000000000e+00 2.524422433333333209e+07 2.181198245618627077e-04
3.110000000000000000e+02 8.340000000000000000e+02 9.449428571428570649e+03 3.110000000000000000e+02 5.500000000000000000e+00 0.000000000000000000e+00 2.452475438095238060e+07 3.417690886223928179e-07
2.570000000000000000e+02 3.180000000000000000e+02 5.290571428571428442e+03 5.290571428571428442e+03 1.101532567049808356e-02 0.000000000000000000e+00 4.384629776190476120e+07 6.553594058573317551e-09
3.110000000000000000e+02 7.530000000000000000e+02 9.253523809523809177e+03 3.110000000000000000e+02 1.343570057581573891e-02 0.000000000000000000e+00 3.637359504761904478e+07 1.399847503158183266e-04
3.110000000000000000e+02 7.100000000000000000e+02 9.125285714285713766e+03 3.110000000000000000e+02 5.500000000000000000e+00 0.000000000000000000e+00 3.809596542857142538e+07 4.254186805510851774e-07
3.110000000000000000e+02 7.206000000000000000e+03 2.082390476190476329e+04 3.110000000000000000e+02 1.671469740634005594e-02 0.000000000000000000e+00 1.832310771428571269e+07 1.825485952575262277e-04
3.110000000000000000e+02 2.620600000000000000e+04 1.569376190476190459e+04 3.110000000000000000e+02 5.000000000000000000e+00 0.000000000000000000e+00 2.292873266666666791e+07 7.672986163647668019e-07
2.570000000000000000e+02 6.740000000000000000e+02 4.733333333333333030e+03 4.733333333333333030e+03 6.678809957498482372e-03 0.000000000000000000e+00 4.920168957142857462e+07 3.213935855067110729e-07
3.110000000000000000e+02 6.186000000000000000e+03 2.399942857142857247e+04 3.110000000000000000e+02 1.483870967741935526e-02 0.000000000000000000e+00 1.414061504761904851e+07 1.640506861408633948e-04
3.110000000000000000e+02 1.669000000000000000e+03 1.369533333333333394e+04 3.110000000000000000e+02 4.833333333333333037e+00 0.000000000000000000e+00 2.302277985714285821e+07 5.419331111702027923e-07
3.110000000000000000e+02 5.680000000000000000e+02 1.075538095238095229e+04 3.110000000000000000e+02 1.714731098986749941e-02 0.000000000000000000e+00 3.016648009523809701e+07 1.164714761709335921e-04
2.660000000000000000e+02 1.796300000000000000e+04 3.841204761904761835e+04 3.841204761904761835e+04 7.073509015256587706e-02 0.000000000000000000e+00 2.150703366666666791e+07 4.328016923641393234e-06
2.660000000000000000e+02 5.849000000000000000e+03 5.681176190476190823e+04 5.681176190476190823e+04 1.250000000000000000e+01 0.000000000000000000e+00 8.260139809523809701e+06 3.486558486225413858e-06
2.660000000000000000e+02 9.408000000000000000e+03 2.594785714285714130e+04 2.660000000000000000e+02 2.797243978564277825e-04 0.000000000000000000e+00 1.375071338095238060e+07 1.109864205102017304e-06
2.690000000000000000e+02 2.740000000000000000e+02 4.948952380952380736e+03 2.690000000000000000e+02 4.666666666666666879e-02 0.000000000000000000e+00 4.708977780952380598e+07 5.525594575207761930e-07
2.660000000000000000e+02 6.280000000000000000e+02 8.148619047619047706e+03 2.660000000000000000e+02 4.666666666666666879e-02 0.000000000000000000e+00 3.061086871428571269e+07 1.794406118366603862e-04
2.660000000000000000e+02 1.219000000000000000e+03 8.949238095238095411e+03 2.660000000000000000e+02 7.200000000000000178e+00 0.000000000000000000e+00 2.708270928571428731e+07 1.961148902842698570e-06
2.690000000000000000e+02 2.630000000000000000e+02 4.407904761904761472e+03 2.690000000000000000e+02 3.111739745403111629e-02 0.000000000000000000e+00 5.264302871428571641e+07 1.927358510247244169e-07
2.660000000000000000e+02 8.580000000000000000e+02 1.151819047619047706e+04 2.660000000000000000e+02 4.273504273504273587e-02 0.000000000000000000e+00 2.016177785714285821e+07 3.417860985021156000e-04
2.660000000000000000e+02 1.096000000000000000e+03 1.198890476190476147e+04 2.660000000000000000e+02 7.500000000000000000e+00 0.000000000000000000e+00 1.941609333333333209e+07 8.855226959719350358e-07
2.690000000000000000e+02 4.030000000000000000e+02 4.466333333333333030e+03 2.690000000000000000e+02 1.070559610705596083e-02 0.000000000000000000e+00 5.196979866666666418e+07 1.878448043345738610e-07
2.660000000000000000e+02 5.410000000000000000e+02 1.216219047619047706e+04 2.660000000000000000e+02 1.754385964912280604e-02 0.000000000000000000e+00 1.906286052380952239e+07 2.440193439765185699e-04
2.660000000000000000e+02 3.170000000000000000e+02 1.196457142857142935e+04 2.660000000000000000e+02 5.200000000000000178e+00 0.000000000000000000e+00 1.938821919047619030e+07 1.082709375318851201e-06
2.660000000000000000e+02 7.840000000000000000e+02 1.081457142857142935e+04 2.660000000000000000e+02 2.631578947368420907e-02 0.000000000000000000e+00 2.153449447619047761e+07 2.954747991064668130e-04
2.660000000000000000e+02 9.800000000000000000e+02 1.111890476190476147e+04 2.660000000000000000e+02 6.799999999999999822e+00 0.000000000000000000e+00 2.089370480952380970e+07 2.140293364572618979e-06
2.690000000000000000e+02 3.950000000000000000e+02 4.402523809523809177e+03 2.690000000000000000e+02 1.066925315227934025e-02 0.000000000000000000e+00 5.269659942857142538e+07 3.180239753659137910e-07
2.660000000000000000e+02 1.660000000000000000e+02 1.171171428571428623e+04 2.660000000000000000e+02 4.473684210526315819e-02 0.000000000000000000e+00 1.980224038095238060e+07 3.829074700269605343e-04
2.660000000000000000e+02 3.810000000000000000e+02 1.177190476190476147e+04 2.660000000000000000e+02 8.000000000000000000e+00 0.000000000000000000e+00 1.971609247619047761e+07 8.837509694250019877e-07
2.690000000000000000e+02 1.490000000000000000e+02 4.310904761904761472e+03 2.690000000000000000e+02 1.797945205479451955e-02 0.000000000000000000e+00 5.381293352380952239e+07 8.794879597164221382e-08
2.660000000000000000e+02 5.070000000000000000e+02 1.145485714285714312e+04 2.660000000000000000e+02 1.890034364261168262e-02 0.000000000000000000e+00 2.024873942857142910e+07 2.006094698064966604e-04
2.660000000000000000e+02 2.890000000000000000e+02 1.079538095238095229e+04 2.660000000000000000e+02 4.400000000000000355e+00 0.000000000000000000e+00 2.146392461904761940e+07 2.093317926438872599e-07
2.660000000000000000e+02 9.290000000000000000e+02 1.168423809523809541e+04 2.660000000000000000e+02 4.470272686633884260e-03 0.000000000000000000e+00 1.986605280952380970e+07 1.879040123101043201e-04
3.820000000000000000e+02 1.970000000000000000e+02 5.032904761904761472e+03 5.032904761904761472e+03 4.400000000000000000e+01 0.000000000000000000e+00 4.605748733333333582e+07 1.611400060300871128e-06
3.820000000000000000e+02 7.600000000000000000e+01 5.007666666666666970e+03 5.007666666666666970e+03 1.000000000000000000e+00 0.000000000000000000e+00 4.627549885714285821e+07 5.135396893391174645e-10
3.820000000000000000e+02 5.579300000000000000e+04 6.576995238095238165e+04 6.576995238095238165e+04 4.026845637583893051e-03 0.000000000000000000e+00 1.106527228571428545e+07 4.248740600454073584e-06
2.780000000000000000e+02 2.490000000000000000e+03 1.492771428571428623e+04 1.492771428571428623e+04 2.941176470588235253e-02 0.000000000000000000e+00 7.159455800000000000e+07 1.725402254242646344e-05
2.780000000000000000e+02 4.230000000000000000e+02 6.864952380952380736e+03 2.780000000000000000e+02 1.235294117647058876e+00 0.000000000000000000e+00 7.159455800000000000e+07 1.012646799216219729e-04
2.780000000000000000e+02 2.487000000000000000e+03 8.447952380952381645e+03 2.780000000000000000e+02 7.250000000000000000e+00 0.000000000000000000e+00 7.159455800000000000e+07 2.289760993140124382e-07
2.780000000000000000e+02 8.290000000000000000e+02 8.862666666666666060e+03 2.780000000000000000e+02 1.639344262295082053e-02 0.000000000000000000e+00 7.159455800000000000e+07 4.589335247679420101e-05
2.780000000000000000e+02 1.137000000000000000e+03 8.380285714285713766e+03 2.780000000000000000e+02 3.285714285714285587e+00 0.000000000000000000e+00 7.159455800000000000e+07 1.059606638894498523e-05
2.290000000000000000e+02 3.940000000000000000e+02 5.927476190476190823e+03 2.290000000000000000e+02 7.586206896551723755e-01 0.000000000000000000e+00 7.159455800000000000e+07 1.764321102082706041e-05
2.290000000000000000e+02 4.480000000000000000e+02 4.393904761904761472e+03 2.290000000000000000e+02 1.263157894736842035e+00 0.000000000000000000e+00 7.159455800000000000e+07 1.396754205815475587e-05
2.290000000000000000e+02 3.830000000000000000e+02 4.616476190476190823e+03 2.290000000000000000e+02 1.000000000000000000e+00 0.000000000000000000e+00 7.159455800000000000e+07 1.396754205815475587e-05
2.290000000000000000e+02 3.450000000000000000e+02 4.741523809523809177e+03 2.290000000000000000e+02 1.000000000000000000e+00 0.000000000000000000e+00 7.159455800000000000e+07 1.222159930088541075e-05
2.290000000000000000e+02 6.140000000000000000e+02 4.672380952380952294e+03 2.290000000000000000e+02 8.750000000000000000e-01 0.000000000000000000e+00 7.159455800000000000e+07 1.596290520931972003e-05
2.290000000000000000e+02 4.640000000000000000e+02 4.700809523809523853e+03 2.290000000000000000e+02 1.142857142857142794e+00 0.000000000000000000e+00 7.159455800000000000e+07 3.414288058660051774e-05
2.290000000000000000e+02 4.440000000000000000e+02 4.304238095238095411e+03 2.290000000000000000e+02 2.444444444444444642e+00 0.000000000000000000e+00 7.159455800000000000e+07 2.706887995766425527e-06
2.290000000000000000e+02 3.640000000000000000e+02 4.132238095238095411e+03 2.290000000000000000e+02 1.937984496124031120e-01 0.000000000000000000e+00 7.159455800000000000e+07 9.699681984829691155e-06
2.290000000000000000e+02 4.020000000000000000e+02 4.735047619047619264e+03 2.290000000000000000e+02 6.944444444444444198e-01 0.000000000000000000e+00 7.159455800000000000e+07 1.650709515963743953e-05
2.290000000000000000e+02 3.850000000000000000e+02 5.131952380952380736e+03 2.290000000000000000e+02 1.181818181818181879e+00 0.000000000000000000e+00 7.159455800000000000e+07 3.088975647476532109e-06
2.290000000000000000e+02 2.780000000000000000e+02 4.774761904761904589e+03 2.290000000000000000e+02 2.211538461538461453e-01 0.000000000000000000e+00 7.159455800000000000e+07 1.107770577026066699e-05
2.290000000000000000e+02 5.430000000000000000e+02 4.381904761904761472e+03 2.290000000000000000e+02 7.931034482758620996e-01 0.000000000000000000e+00 7.159455800000000000e+07 2.793508411630951175e-05
2.290000000000000000e+02 5.390000000000000000e+02 4.549333333333333030e+03 2.290000000000000000e+02 2.000000000000000000e+00 0.000000000000000000e+00 7.159455800000000000e+07 1.955455888141665653e-05
2.290000000000000000e+02 3.830000000000000000e+02 3.761000000000000000e+03 2.290000000000000000e+02 1.399999999999999911e+00 0.000000000000000000e+00 7.159455800000000000e+07 1.285013869350237405e-05
2.290000000000000000e+02 7.500000000000000000e+01 3.267666666666666515e+03 2.290000000000000000e+02 9.200000000000000400e-01 0.000000000000000000e+00 7.159455800000000000e+07 1.466591916106249324e-05
2.290000000000000000e+02 3.080000000000000000e+02 3.367142857142857338e+03 2.290000000000000000e+02 1.050000000000000044e+00 0.000000000000000000e+00 7.159455800000000000e+07 1.463266310854307782e-05
2.290000000000000000e+02 4.290000000000000000e+02 3.943952380952380736e+03 2.290000000000000000e+02 1.047619047619047672e+00 0.000000000000000000e+00 7.159455800000000000e+07 1.690807722829259984e-05
2.290000000000000000e+02 3.340000000000000000e+02 4.623095238095238528e+03 2.290000000000000000e+02 1.210526315789473673e+00 0.000000000000000000e+00 7.159455800000000000e+07 1.889726278456231468e-05
2.290000000000000000e+02 3.680000000000000000e+02 5.449952380952380736e+03 2.290000000000000000e+02 1.352941176470588314e+00 0.000000000000000000e+00 7.159455800000000000e+07 3.528642204165412166e-06
2.290000000000000000e+02 3.360000000000000000e+02 4.719476190476190823e+03 2.290000000000000000e+02 2.526315789473684292e-01 0.000000000000000000e+00 7.159455800000000000e+07 2.633225142111142140e-06
2.290000000000000000e+02 1.690000000000000000e+02 4.084095238095238074e+03 2.290000000000000000e+02 9.230769230769231282e-01 0.000000000000000000e+00 7.159455800000000000e+07 7.894697685043990608e-06
2.290000000000000000e+02 7.230000000000000000e+02 4.173142857142856883e+03 2.290000000000000000e+02 5.652173913043477826e-01 0.000000000000000000e+00 7.159455800000000000e+07 9.699681984829691155e-06
2.290000000000000000e+02 5.000000000000000000e+02 4.982904761904761472e+03 2.290000000000000000e+02 6.944444444444444198e-01 0.000000000000000000e+00 7.159455800000000000e+07 9.311694705436502221e-06
2.290000000000000000e+02 3.270000000000000000e+02 5.124428571428571558e+03 2.290000000000000000e+02 6.666666666666666297e-01 0.000000000000000000e+00 7.159455800000000000e+07 1.745942757269344442e-05
2.290000000000000000e+02 5.920000000000000000e+02 5.066904761904761472e+03 2.290000000000000000e+02 1.250000000000000000e+00 0.000000000000000000e+00 7.159455800000000000e+07 4.469613458609521371e-06
2.290000000000000000e+02 3.950000000000000000e+02 4.888476190476190823e+03 2.290000000000000000e+02 3.200000000000000067e-01 0.000000000000000000e+00 7.159455800000000000e+07 4.019436563497771377e-06
2.290000000000000000e+02 3.067700000000000000e+04 1.492004761904761835e+04 2.290000000000000000e+02 2.877697841726618577e-01 0.000000000000000000e+00 7.159455800000000000e+07 1.257078785233927944e-05
2.290000000000000000e+02 2.282000000000000000e+03 1.543861904761904771e+04 2.290000000000000000e+02 9.000000000000000222e-01 0.000000000000000000e+00 7.159455800000000000e+07 9.945927781348586895e-07
2.290000000000000000e+02 8.390000000000000000e+02 5.362428571428571558e+03 2.290000000000000000e+02 7.120743034055727894e-02 0.000000000000000000e+00 7.159455800000000000e+07 7.230257065397755284e-07
2.290000000000000000e+02 4.010000000000000000e+02 4.964857142857143117e+03 2.290000000000000000e+02 5.176470588235294185e-02 0.000000000000000000e+00 7.159455800000000000e+07 1.241559294058200353e-05
2.290000000000000000e+02 2.440000000000000000e+02 4.527047619047619264e+03 2.290000000000000000e+02 8.888888888888888395e-01 0.000000000000000000e+00 7.159455800000000000e+07 1.837834481336152097e-05
2.290000000000000000e+02 2.090000000000000000e+02 4.474619047619047706e+03 2.290000000000000000e+02 1.315789473684210620e+00 0.000000000000000000e+00 7.159455800000000000e+07 1.446638284594599734e-05
2.290000000000000000e+02 3.710000000000000000e+02 4.870333333333333030e+03 2.290000000000000000e+02 1.035714285714285809e+00 0.000000000000000000e+00 7.159455800000000000e+07 9.189172406680760487e-06
2.290000000000000000e+02 6.850000000000000000e+02 4.822428571428571558e+03 2.290000000000000000e+02 6.578947368421053099e-01 0.000000000000000000e+00 7.159455800000000000e+07 6.094927443558438233e-06
2.290000000000000000e+02 4.810000000000000000e+02 5.108619047619047706e+03 2.290000000000000000e+02 4.363636363636363424e-01 0.000000000000000000e+00 7.159455800000000000e+07 8.570991717504054163e-06
2.290000000000000000e+02 4.540000000000000000e+02 5.552238095238095411e+03 2.290000000000000000e+02 6.136363636363636465e-01 0.000000000000000000e+00 7.159455800000000000e+07 7.718904821611839351e-06
2.290000000000000000e+02 2.990000000000000000e+02 4.686333333333333030e+03 2.290000000000000000e+02 5.526315789473684736e-01 0.000000000000000000e+00 7.159455800000000000e+07 3.179603070149049776e-06
2.290000000000000000e+02 6.510000000000000000e+02 4.814333333333333030e+03 2.290000000000000000e+02 2.276422764227642170e-01 0.000000000000000000e+00 7.159455800000000000e+07 1.508494542280713600e-05
2.290000000000000000e+02 5.150000000000000000e+02 5.041714285714285325e+03 2.290000000000000000e+02 1.080000000000000071e+00 0.000000000000000000e+00 7.159455800000000000e+07 1.707144029330025887e-05
2.290000000000000000e+02 3.410000000000000000e+02 5.001666666666666970e+03 2.290000000000000000e+02 1.222222222222222321e+00 0.000000000000000000e+00 7.159455800000000000e+07 6.983771029077377936e-06
2.290000000000000000e+02 8.820000000000000000e+02 4.880952380952380736e+03 2.290000000000000000e+02 5.000000000000000000e-01 0.000000000000000000e+00 7.159455800000000000e+07 8.682526144258360568e-06
2.290000000000000000e+02 3.950000000000000000e+02 4.716142857142856883e+03 2.290000000000000000e+02 6.216216216216216006e-01 0.000000000000000000e+00 7.159455800000000000e+07 1.536429626397023231e-05
2.290000000000000000e+02 6.200000000000000000e+02 4.329285714285714675e+03 2.290000000000000000e+02 1.100000000000000089e+00 0.000000000000000000e+00 7.159455800000000000e+07 4.734760019713477123e-07
3.820000000000000000e+02 1.186000000000000000e+03 9.815428571428570649e+03 3.820000000000000000e+02 7.257810034711265068e-03 0.000000000000000000e+00 1.218890500000000000e+07 8.719372877281625039e-08
2.290000000000000000e+02 3.280000000000000000e+02 5.097619047619047706e+03 2.290000000000000000e+02 3.389830508474576259e-02 0.000000000000000000e+00 7.159455800000000000e+07 1.881536062654090311e-08
3.340000000000000000e+02 4.760000000000000000e+02 5.472285714285714675e+03 3.340000000000000000e+02 1.080302484695714769e-03 0.000000000000000000e+00 1.238012023809523880e+07 7.438148856149723927e-05
2.290000000000000000e+02 3.590000000000000000e+02 5.176000000000000000e+03 2.290000000000000000e+02 1.347077427667799088e-03 0.000000000000000000e+00 7.159455800000000000e+07 2.281467703554856568e-08
2.880000000000000000e+02 1.700000000000000000e+02 5.539380952380952294e+03 2.880000000000000000e+02 9.499999999999999556e-01 0.000000000000000000e+00 1.264455700000000000e+07 8.335305580086351692e-08
2.290000000000000000e+02 2.720000000000000000e+02 4.819238095238095411e+03 2.290000000000000000e+02 1.633406718272849842e-03 0.000000000000000000e+00 7.159455800000000000e+07 6.052601558533727037e-05
