1.228800000000000000e+04 1.509100000000000000e+04 1.122800000000000000e+05 1.122800000000000000e+05 5.000000000000000000e+00 0.000000000000000000e+00 8.784163844642342400e+17 -5.485716088408755325e-05
3.020000000000000000e+02 2.806000000000000000e+03 1.468890476190476147e+04 1.468890476190476147e+04 2.298864315600717134e+00 6.700000000000000000e+01 6.249130476190475747e+06 8.495814234598834512e-07
3.020000000000000000e+02 5.700000000000000000e+02 6.285952380952380736e+03 6.285952380952380736e+03 2.972972972972973138e-01 0.000000000000000000e+00 1.370449014285714366e+07 3.441190521932761260e-07
3.020000000000000000e+02 6.830000000000000000e+02 4.809571428571428442e+03 4.809571428571428442e+03 1.004366812227074218e-01 0.000000000000000000e+00 1.736087885714285821e+07 2.777907105148433900e-07
3.020000000000000000e+02 5.970000000000000000e+02 4.802190476190476147e+03 4.802190476190476147e+03 8.496732026143791194e-02 0.000000000000000000e+00 1.739837128571428731e+07 5.104153818438281060e-07
3.020000000000000000e+02 4.480000000000000000e+02 4.857666666666666970e+03 4.857666666666666970e+03 1.555555555555555580e-01 0.000000000000000000e+00 1.721592233333333209e+07 1.043535104929269717e-05
3.020000000000000000e+02 4.900000000000000000e+02 4.992285714285714675e+03 3.020000000000000000e+02 1.916666666666666796e-01 0.000000000000000000e+00 1.674953285714285634e+07 7.673648176186871511e-06
5.580000000000000000e+02 2.209000000000000000e+04 4.194171428571428260e+04 4.194171428571428260e+04 4.887908857037853716e-02 4.000000000000000000e+00 2.642803523809523787e+06 2.450052896240007271e-08
3.020000000000000000e+02 2.334400000000000000e+04 1.406561904761904771e+04 3.020000000000000000e+02 1.335877862595419852e-01 0.000000000000000000e+00 1.181622528571428545e+07 5.188276345193169256e-06
3.020000000000000000e+02 1.320200000000000000e+04 1.930700000000000000e+04 3.020000000000000000e+02 4.088888888888889128e-02 0.000000000000000000e+00 4.847491333333333023e+06 1.991949646847145000e-05
3.020000000000000000e+02 1.982000000000000000e+04 5.049780952380952658e+04 3.020000000000000000e+02 9.241706161137440423e-02 0.000000000000000000e+00 2.023556619047618937e+06 2.240751781047656296e-06
3.020000000000000000e+02 1.560000000000000000e+03 1.152076190476190459e+04 3.020000000000000000e+02 3.303684879288436987e-02 0.000000000000000000e+00 8.675109809523809701e+06 2.403836877501280885e-06
2.560000000000000000e+02 2.940000000000000000e+02 4.597952380952380736e+03 2.560000000000000000e+02 5.084745762711864736e-02 0.000000000000000000e+00 1.829392142857142910e+07 3.142244197916934642e-06
3.670000000000000000e+02 1.150000000000000000e+03 1.221895238095238165e+04 1.221895238095238165e+04 6.505576208178438791e-03 0.000000000000000000e+00 5.314497619047619402e+06 4.445136870264583533e-08
2.560000000000000000e+02 6.050000000000000000e+02 4.575238095238095411e+03 2.560000000000000000e+02 6.601466992665036559e-02 0.000000000000000000e+00 1.836302623809523880e+07 2.726822518170509039e-06
2.560000000000000000e+02 2.860000000000000000e+02 4.199190476190476147e+03 2.560000000000000000e+02 5.804749340369393107e-02 0.000000000000000000e+00 1.991131538095238060e+07 2.605489758084274897e-06
2.560000000000000000e+02 3.410000000000000000e+02 4.403952380952380736e+03 2.560000000000000000e+02 5.287356321839080386e-02 0.000000000000000000e+00 1.899887319047619030e+07 3.271544886885859158e-06
2.560000000000000000e+02 4.240000000000000000e+02 4.592666666666666970e+03 2.560000000000000000e+02 6.469002695417790105e-02 0.000000000000000000e+00 1.818298738095238060e+07 1.065201436616183544e-06
2.560000000000000000e+02 5.600000000000000000e+02 4.811238095238095411e+03 2.560000000000000000e+02 2.107279693486590125e-02 0.000000000000000000e+00 1.741021595238095149e+07 1.070518319112979692e-05
2.560000000000000000e+02 4.450000000000000000e+02 4.968000000000000000e+03 2.560000000000000000e+02 1.969696969696969613e-01 0.000000000000000000e+00 1.681550738095238060e+07 7.904567461436145002e-06
2.560000000000000000e+02 3.570000000000000000e+02 5.320190476190476147e+03 2.560000000000000000e+02 1.442307692307692180e-01 0.000000000000000000e+00 1.583211271428571455e+07 7.616468291180142000e-06
2.560000000000000000e+02 4.120000000000000000e+02 5.417285714285714675e+03 2.560000000000000000e+02 1.250000000000000000e-01 0.000000000000000000e+00 1.543095409523809515e+07 3.328468059203298335e-06
3.670000000000000000e+02 4.450000000000000000e+02 6.469190476190476147e+03 6.469190476190476147e+03 7.063572149344096718e-03 0.000000000000000000e+00 8.603254380952380598e+06 4.242523303898103448e-08
2.560000000000000000e+02 6.550000000000000000e+02 5.143523809523809177e+03 2.560000000000000000e+02 5.800464037122969596e-02 0.000000000000000000e+00 1.623519157142857090e+07 2.708490935107314660e-06
2.560000000000000000e+02 4.360000000000000000e+02 5.355952380952380736e+03 2.560000000000000000e+02 4.562737642585551479e-02 0.000000000000000000e+00 1.560001604761904851e+07 8.571415036289594548e-07
2.560000000000000000e+02 2.590000000000000000e+02 4.674190476190476147e+03 2.560000000000000000e+02 1.661392405063290972e-02 0.000000000000000000e+00 1.790886419047619030e+07 1.160604697499822734e-05
2.560000000000000000e+02 3.920000000000000000e+02 4.674476190476190823e+03 2.560000000000000000e+02 2.291666666666666574e-01 0.000000000000000000e+00 1.787409919047619030e+07 6.135764581098827497e-06
2.560000000000000000e+02 5.750000000000000000e+02 5.309952380952380736e+03 2.560000000000000000e+02 1.061946902654867242e-01 0.000000000000000000e+00 1.572460604761904851e+07 2.370883490758176299e-06
2.560000000000000000e+02 3.770000000000000000e+02 5.238523809523809177e+03 2.560000000000000000e+02 4.340277777777777624e-02 0.000000000000000000e+00 1.600163314285714366e+07 6.313450737784301804e-06
3.670000000000000000e+02 3.470000000000000000e+02 6.215857142857143117e+03 6.215857142857143117e+03 6.820396232543033711e-03 0.000000000000000000e+00 8.956831571428570896e+06 3.939855206011441506e-08
2.560000000000000000e+02 6.900000000000000000e+02 4.455190476190476147e+03 2.560000000000000000e+02 1.306306306306306286e-01 0.000000000000000000e+00 1.881161395238095149e+07 1.128212498303342015e-05
2.560000000000000000e+02 6.930000000000000000e+02 4.620333333333333030e+03 2.560000000000000000e+02 2.166666666666666741e-01 0.000000000000000000e+00 1.808876461904761940e+07 3.089401209146175078e-06
2.560000000000000000e+02 4.280000000000000000e+02 4.821571428571428442e+03 2.560000000000000000e+02 5.907172995780590741e-02 0.000000000000000000e+00 1.734999371428571269e+07 8.925558542531408670e-07
2.560000000000000000e+02 4.680000000000000000e+02 4.549857142857143117e+03 2.560000000000000000e+02 1.809954751131221881e-02 0.000000000000000000e+00 1.837362028571428731e+07 1.373367673414169505e-05
2.560000000000000000e+02 5.580000000000000000e+02 4.452285714285714675e+03 2.560000000000000000e+02 2.840909090909091161e-01 0.000000000000000000e+00 1.881498514285714179e+07 6.957152657837697547e-06
2.560000000000000000e+02 4.890000000000000000e+02 4.978523809523809177e+03 2.560000000000000000e+02 1.365638766519823855e-01 0.000000000000000000e+00 1.689763814285714179e+07 6.500494370180762304e-06
2.560000000000000000e+02 6.250000000000000000e+02 5.512619047619047706e+03 2.560000000000000000e+02 1.034482758620689641e-01 0.000000000000000000e+00 1.514058900000000000e+07 1.892725168830094965e-06
3.670000000000000000e+02 2.060000000000000000e+02 5.890809523809523853e+03 5.890809523809523853e+03 6.529850746268656483e-03 0.000000000000000000e+00 9.475466761904761195e+06 5.888862400598863347e-07
2.560000000000000000e+02 2.350000000000000000e+02 5.190333333333333030e+03 2.560000000000000000e+02 3.651685393258426865e-02 0.000000000000000000e+00 1.617435985714285634e+07 7.655061843535403127e-06
2.560000000000000000e+02 2.860000000000000000e+02 4.875333333333333030e+03 2.560000000000000000e+02 1.531100478468899462e-01 0.000000000000000000e+00 1.719102614285714179e+07 2.129968294233418047e-06
2.560000000000000000e+02 4.720000000000000000e+02 4.675809523809523853e+03 2.560000000000000000e+02 4.273504273504273587e-02 0.000000000000000000e+00 1.787481490476190299e+07 5.580766433888505899e-06
2.560000000000000000e+02 7.830000000000000000e+02 4.517000000000000000e+03 2.560000000000000000e+02 1.156716417910447769e-01 0.000000000000000000e+00 1.856683414285714179e+07 5.615619018579558815e-06
2.560000000000000000e+02 5.220000000000000000e+02 4.804000000000000000e+03 2.560000000000000000e+02 1.086956521739130405e-01 0.000000000000000000e+00 1.747953452380952239e+07 7.135964997669974186e-06
2.560000000000000000e+02 4.960000000000000000e+02 4.914857142857143117e+03 2.560000000000000000e+02 1.313559322033898413e-01 0.000000000000000000e+00 1.700503161904761940e+07 1.639473223662004417e-06
2.560000000000000000e+02 5.920000000000000000e+02 4.934380952380952294e+03 2.560000000000000000e+02 3.046789989118607253e-02 0.000000000000000000e+00 1.693945114285714179e+07 5.334389887811629052e-06
2.560000000000000000e+02 5.380000000000000000e+02 4.405476190476190823e+03 2.560000000000000000e+02 1.116751269035533012e-01 0.000000000000000000e+00 1.902594157142857090e+07 2.311060772395664962e-06
3.670000000000000000e+02 4.470000000000000000e+02 5.529047619047619264e+03 3.670000000000000000e+02 6.266786034019695799e-03 0.000000000000000000e+00 1.006840433333333395e+07 6.461597979814499972e-07
2.560000000000000000e+02 4.900000000000000000e+02 5.002809523809523853e+03 2.560000000000000000e+02 4.265402843601896060e-02 0.000000000000000000e+00 1.670927190476190485e+07 3.028801992331192148e-06
2.560000000000000000e+02 4.280000000000000000e+02 4.811190476190476147e+03 2.560000000000000000e+02 5.898123324396782607e-02 0.000000000000000000e+00 1.742014876190476120e+07 1.472380219929407755e-06
2.560000000000000000e+02 5.170000000000000000e+02 4.863904761904761472e+03 2.560000000000000000e+02 2.738095238095238082e-02 0.000000000000000000e+00 1.717382423809523880e+07 1.839864036010260469e-06
2.560000000000000000e+02 4.110000000000000000e+02 4.583809523809523853e+03 2.560000000000000000e+02 3.488372093023255766e-02 0.000000000000000000e+00 1.820601319047619030e+07 1.162174585775991037e-05
2.560000000000000000e+02 5.700000000000000000e+02 4.855761904761904589e+03 2.560000000000000000e+02 2.086330935251798635e-01 0.000000000000000000e+00 1.719707238095238060e+07 1.354278873865333745e-06
2.560000000000000000e+02 6.420000000000000000e+02 4.836095238095238528e+03 2.560000000000000000e+02 2.502844141069397038e-02 0.000000000000000000e+00 1.727851433333333209e+07 2.040599844865554022e-06
2.560000000000000000e+02 4.890000000000000000e+02 4.519952380952380736e+03 2.560000000000000000e+02 3.992395437262357544e-02 0.000000000000000000e+00 1.847247823809523880e+07 1.443219456607236674e-05
2.560000000000000000e+02 4.760000000000000000e+02 4.488904761904761472e+03 2.560000000000000000e+02 2.857142857142856984e-01 0.000000000000000000e+00 1.862152085714285821e+07 6.228104383406984980e-06
3.670000000000000000e+02 2.380000000000000000e+02 5.851095238095238528e+03 3.670000000000000000e+02 6.331022007838408260e-03 0.000000000000000000e+00 9.506096000000000000e+06 5.422856928110533804e-07
2.560000000000000000e+02 1.732300000000000000e+04 2.333371428571428623e+04 2.560000000000000000e+02 1.092436974789915971e-01 0.000000000000000000e+00 8.366971333333333023e+06 3.884668531761636497e-06
2.560000000000000000e+02 1.096000000000000000e+03 1.080300000000000000e+04 2.560000000000000000e+02 6.264501160092807164e-02 0.000000000000000000e+00 9.852500285714285448e+06 3.298371420865019404e-05
2.560000000000000000e+02 3.230000000000000000e+02 6.098857142857143117e+03 2.560000000000000000e+02 6.666666666666666297e-01 0.000000000000000000e+00 1.831407071428571269e+07 5.528458905096720211e-04
2.560000000000000000e+02 2.720000000000000000e+02 4.998619047619047706e+03 2.560000000000000000e+02 1.450000000000000000e+01 0.000000000000000000e+00 2.254226623809523880e+07 6.927479151618272466e-04
2.560000000000000000e+02 2.750000000000000000e+02 3.699619047619047706e+03 2.560000000000000000e+02 2.600000000000000000e+01 0.000000000000000000e+00 3.031368747619047761e+07 2.119182591603320422e-06
2.340000000000000000e+02 5.170000000000000000e+02 3.074809523809523853e+03 2.340000000000000000e+02 8.333333333333332871e-02 0.000000000000000000e+00 3.624675723809523880e+07 1.969924250176363336e-06
2.340000000000000000e+02 6.200000000000000000e+02 4.045000000000000000e+03 2.340000000000000000e+02 5.965909090909091161e-02 0.000000000000000000e+00 2.758668757142857090e+07 1.564162261304459211e-06
2.340000000000000000e+02 4.850000000000000000e+02 4.824857142857143117e+03 2.340000000000000000e+02 3.860294117647058987e-02 0.000000000000000000e+00 2.308200376190476120e+07 1.939739048360628530e-06
2.340000000000000000e+02 4.270000000000000000e+02 4.398761904761904589e+03 2.340000000000000000e+02 5.569620253164556806e-02 0.000000000000000000e+00 2.542007104761904851e+07 2.220577840592608863e-06
2.340000000000000000e+02 7.430000000000000000e+02 4.418809523809523853e+03 2.340000000000000000e+02 6.027397260273972823e-02 0.000000000000000000e+00 2.524923657142857090e+07 8.484059124902391171e-07
3.670000000000000000e+02 4.840000000000000000e+02 5.860095238095238528e+03 3.670000000000000000e+02 5.720512122037592351e-03 0.000000000000000000e+00 9.512977333333333954e+06 7.306345139421015804e-07
2.340000000000000000e+02 6.570000000000000000e+02 4.624285714285714675e+03 2.340000000000000000e+02 2.335928809788654151e-02 0.000000000000000000e+00 2.412434961904761940e+07 1.141227209549971988e-05
2.340000000000000000e+02 4.110000000000000000e+02 4.733095238095238528e+03 2.340000000000000000e+02 2.941176470588235392e-01 0.000000000000000000e+00 2.354303261904761940e+07 1.279282660092810636e-06
2.340000000000000000e+02 1.070000000000000000e+03 4.583190476190476147e+03 2.340000000000000000e+02 3.516174402250351466e-02 0.000000000000000000e+00 2.449822804761904851e+07 7.117182134761784171e-06
2.340000000000000000e+02 3.880000000000000000e+02 4.987809523809523853e+03 2.340000000000000000e+02 1.746031746031745935e-01 0.000000000000000000e+00 2.235264719047619030e+07 7.888079618791197687e-06
2.340000000000000000e+02 5.230000000000000000e+02 5.062285714285714675e+03 2.340000000000000000e+02 1.885245901639344135e-01 0.000000000000000000e+00 2.201544147619047761e+07 9.688988417071686644e-06
2.340000000000000000e+02 5.560000000000000000e+02 5.175380952380952294e+03 2.340000000000000000e+02 2.252252252252252285e-01 0.000000000000000000e+00 2.152246566666666791e+07 1.657642244033917264e-06
2.340000000000000000e+02 5.180000000000000000e+02 4.906190476190476147e+03 2.340000000000000000e+02 4.255319148936170109e-02 0.000000000000000000e+00 2.280626019047619030e+07 4.388585584649885195e-06
2.340000000000000000e+02 4.540000000000000000e+02 4.796571428571428442e+03 2.340000000000000000e+02 1.077586206896551657e-01 0.000000000000000000e+00 2.321492695238095149e+07 3.768460577852673802e-06
2.340000000000000000e+02 4.610000000000000000e+02 5.298952380952380736e+03 2.340000000000000000e+02 8.391608391608391948e-02 0.000000000000000000e+00 2.101246419047619030e+07 9.977722575533781141e-07
3.670000000000000000e+02 4.370000000000000000e+02 5.740523809523809177e+03 3.670000000000000000e+02 7.389162561576354329e-03 0.000000000000000000e+00 9.693302190476190299e+06 7.035999418732769115e-07
2.340000000000000000e+02 2.950000000000000000e+02 4.865238095238095411e+03 2.340000000000000000e+02 2.458100558659217713e-02 0.000000000000000000e+00 2.289861785714285821e+07 1.983249238938020819e-06
2.340000000000000000e+02 2.440000000000000000e+02 4.712047619047619264e+03 2.340000000000000000e+02 5.000000000000000278e-02 0.000000000000000000e+00 2.364210209523809701e+07 7.088568011415828264e-07
2.340000000000000000e+02 2.970000000000000000e+02 4.718619047619047706e+03 2.340000000000000000e+02 1.764705882352941152e-02 0.000000000000000000e+00 2.358244409523809701e+07 8.417663691484695334e-07
3.670000000000000000e+02 1.440000000000000000e+02 5.762476190476190823e+03 3.670000000000000000e+02 7.140428425705542745e-03 0.000000000000000000e+00 9.656651142857143655e+06 6.618900485848739952e-07
2.340000000000000000e+02 4.610000000000000000e+02 4.667333333333333030e+03 2.340000000000000000e+02 2.145045965270684502e-02 0.000000000000000000e+00 2.385315066666666791e+07 8.018366765946365981e-06
2.340000000000000000e+02 4.300000000000000000e+02 4.823238095238095411e+03 2.340000000000000000e+02 1.981981981981981999e-01 0.000000000000000000e+00 2.310722857142857090e+07 1.467384092572160444e-05
2.340000000000000000e+02 1.900000000000000000e+02 5.525047619047619264e+03 2.340000000000000000e+02 3.250000000000000111e-01 0.000000000000000000e+00 2.016634095238095149e+07 1.116231718219536700e-05
2.340000000000000000e+02 4.000000000000000000e+02 5.577285714285714675e+03 2.340000000000000000e+02 2.385321100917431325e-01 0.000000000000000000e+00 1.995177228571428731e+07 5.554615200347434508e-06
2.340000000000000000e+02 6.330000000000000000e+02 5.790714285714285325e+03 2.340000000000000000e+02 1.165048543689320426e-01 0.000000000000000000e+00 1.926099980952380970e+07 4.020647389434950517e-06
2.340000000000000000e+02 2.560000000000000000e+02 5.680857142857143117e+03 2.340000000000000000e+02 8.223684210526316374e-02 0.000000000000000000e+00 1.959934342857142910e+07 9.849753075420860439e-06
2.340000000000000000e+02 3.050000000000000000e+02 4.941047619047619264e+03 2.340000000000000000e+02 2.444444444444444364e-01 0.000000000000000000e+00 2.259847980952380970e+07 1.475145881284160454e-06
2.340000000000000000e+02 5.750000000000000000e+02 5.002095238095238528e+03 2.340000000000000000e+02 3.500761035007610156e-02 0.000000000000000000e+00 2.226007100000000000e+07 4.383762928759764467e-06
2.340000000000000000e+02 9.090000000000000000e+02 4.904238095238095411e+03 2.340000000000000000e+02 1.094527363184079616e-01 0.000000000000000000e+00 2.277599076190476120e+07 2.064210471697910303e-06
2.340000000000000000e+02 2.440000000000000000e+02 5.616857142857143117e+03 2.340000000000000000e+02 4.378283712784588472e-02 0.000000000000000000e+00 1.983085233333333209e+07 1.801252619891914878e-06
2.340000000000000000e+02 3.940000000000000000e+02 5.452095238095238528e+03 2.340000000000000000e+02 4.054054054054054279e-02 0.000000000000000000e+00 2.043007557142857090e+07 8.938701567639496253e-06
2.340000000000000000e+02 3.140000000000000000e+02 4.895095238095238528e+03 2.340000000000000000e+02 2.244897959183673464e-01 0.000000000000000000e+00 2.277522328571428731e+07 1.081054913708629395e-05
3.670000000000000000e+02 3.890000000000000000e+02 5.711904761904761472e+03 3.670000000000000000e+02 6.864988558352402327e-03 0.000000000000000000e+00 9.746994047619048506e+06 6.455882824125682163e-07
2.340000000000000000e+02 3.290000000000000000e+02 5.105809523809523853e+03 2.340000000000000000e+02 2.584269662921348520e-01 0.000000000000000000e+00 2.180890995238095149e+07 1.383428955942768448e-05
2.340000000000000000e+02 7.640000000000000000e+02 5.248666666666666970e+03 2.340000000000000000e+02 3.205128205128205399e-01 0.000000000000000000e+00 2.125609557142857090e+07 1.982441982321835991e-06
2.340000000000000000e+02 4.870000000000000000e+02 5.374523809523809177e+03 2.340000000000000000e+02 4.356060606060606355e-02 0.000000000000000000e+00 2.070840161904761940e+07 6.254136630293506309e-06
2.340000000000000000e+02 4.460000000000000000e+02 4.602523809523809177e+03 2.340000000000000000e+02 1.625000000000000056e-01 0.000000000000000000e+00 2.422422266666666791e+07 8.011633173377230818e-06
2.340000000000000000e+02 3.210000000000000000e+02 4.939666666666666970e+03 2.340000000000000000e+02 1.968503937007874127e-01 0.000000000000000000e+00 2.254250271428571269e+07 1.609390870300941403e-06
2.340000000000000000e+02 6.310000000000000000e+02 5.180476190476190823e+03 2.340000000000000000e+02 3.974562798092209914e-02 0.000000000000000000e+00 2.159185823809523880e+07 2.656675818382418925e-06
2.340000000000000000e+02 1.398000000000000000e+03 6.150238095238095411e+03 2.340000000000000000e+02 6.469002695417790105e-02 0.000000000000000000e+00 1.920383642857142910e+07 6.498492259745204864e-06
2.340000000000000000e+02 4.500000000000000000e+02 5.360285714285714675e+03 2.340000000000000000e+02 1.521739130434782705e-01 0.000000000000000000e+00 2.084933109523809701e+07 1.002501813450592905e-05
2.340000000000000000e+02 4.850000000000000000e+02 5.166904761904761472e+03 2.340000000000000000e+02 2.307692307692307820e-01 0.000000000000000000e+00 2.155145680952380970e+07 1.097224921842547628e-06
2.340000000000000000e+02 3.590000000000000000e+02 4.940857142857143117e+03 2.340000000000000000e+02 2.764976958525345793e-02 0.000000000000000000e+00 2.255924742857142910e+07 7.666396959336911238e-06
2.340000000000000000e+02 4.700000000000000000e+02 4.599285714285714675e+03 2.340000000000000000e+02 2.095238095238095288e-01 0.000000000000000000e+00 2.430325295238095149e+07 9.267275905984758314e-06
2.340000000000000000e+02 3.010000000000000000e+02 5.119047619047619264e+03 2.340000000000000000e+02 2.232142857142857262e-01 0.000000000000000000e+00 2.178360461904761940e+07 9.889519138054036996e-06
3.670000000000000000e+02 4.760000000000000000e+02 6.259571428571428442e+03 3.670000000000000000e+02 6.451612903225806446e-03 0.000000000000000000e+00 8.930289476190475747e+06 5.830606475296966583e-07
2.340000000000000000e+02 2.970000000000000000e+02 5.301857142857143117e+03 2.340000000000000000e+02 2.222222222222222099e-01 0.000000000000000000e+00 2.099691309523809701e+07 2.094034165195385446e-06
2.340000000000000000e+02 6.190000000000000000e+02 4.688380952380952294e+03 2.340000000000000000e+02 5.500000000000000028e-02 0.000000000000000000e+00 2.377096452380952239e+07 7.550524720557962472e-06
2.340000000000000000e+02 5.900000000000000000e+02 4.488190476190476147e+03 2.340000000000000000e+02 2.037037037037036924e-01 0.000000000000000000e+00 2.486492861904761940e+07 1.959427520797659946e-06
2.340000000000000000e+02 5.405100000000000000e+04 1.706857142857142753e+04 2.340000000000000000e+02 4.893350062735257050e-02 0.000000000000000000e+00 1.689249742857142910e+07 1.247684431914963860e-05
2.340000000000000000e+02 7.104000000000000000e+03 4.173490476190476329e+04 2.340000000000000000e+02 1.074918566775244361e-01 0.000000000000000000e+00 3.938235285714285914e+06 1.124036050153261152e-06
2.340000000000000000e+02 7.740000000000000000e+02 7.581333333333333030e+03 2.340000000000000000e+02 2.260397830018083185e-02 0.000000000000000000e+00 1.542157133333333395e+07 1.491308000627356675e-06
3.670000000000000000e+02 2.870000000000000000e+02 5.505619047619047706e+03 3.670000000000000000e+02 6.433823529411764400e-03 0.000000000000000000e+00 1.011935909523809515e+07 6.508311558982843891e-07
2.340000000000000000e+02 4.930000000000000000e+02 4.574761904761904589e+03 2.340000000000000000e+02 4.112149532710280414e-02 0.000000000000000000e+00 2.452467080952380970e+07 1.849381416727990046e-06
2.340000000000000000e+02 5.400000000000000000e+02 4.797000000000000000e+03 2.340000000000000000e+02 4.619565217391304046e-02 0.000000000000000000e+00 2.323228085714285821e+07 6.659215628679638973e-07
2.340000000000000000e+02 7.020000000000000000e+02 5.094857142857143117e+03 2.340000000000000000e+02 1.684210526315789436e-02 0.000000000000000000e+00 2.197399942857142910e+07 7.653392307117168805e-06
2.340000000000000000e+02 7.040000000000000000e+02 4.374428571428571558e+03 2.340000000000000000e+02 2.212389380530973559e-01 0.000000000000000000e+00 2.554463738095238060e+07 8.364797495878532261e-06
2.340000000000000000e+02 5.220000000000000000e+02 5.179333333333333030e+03 2.340000000000000000e+02 1.970802919708029288e-01 0.000000000000000000e+00 2.150400966666666791e+07 6.821856986826620612e-06
2.340000000000000000e+02 4.490000000000000000e+02 4.860047619047619264e+03 2.340000000000000000e+02 1.646341463414634221e-01 0.000000000000000000e+00 2.290521428571428731e+07 2.317857626503690784e-06
2.340000000000000000e+02 7.350000000000000000e+02 4.891190476190476147e+03 2.340000000000000000e+02 5.735660847880299368e-02 0.000000000000000000e+00 2.277634933333333209e+07 1.107428448915401681e-06
3.360000000000000000e+02 2.530000000000000000e+02 5.745476190476190823e+03 3.360000000000000000e+02 6.829268292682926823e-03 0.000000000000000000e+00 9.697762761904761195e+06 6.029394876277944200e-07
2.340000000000000000e+02 5.020000000000000000e+02 4.781095238095238528e+03 2.340000000000000000e+02 2.929427430093209037e-02 0.000000000000000000e+00 2.337196242857142910e+07 9.272160841479009486e-06
2.340000000000000000e+02 7.070000000000000000e+02 4.651380952380952294e+03 2.340000000000000000e+02 2.359550561797752743e-01 0.000000000000000000e+00 2.395462319047619030e+07 2.326248991677990378e-06
2.340000000000000000e+02 3.350000000000000000e+02 4.839904761904761472e+03 2.340000000000000000e+02 5.962059620596205783e-02 0.000000000000000000e+00 2.302674128571428731e+07 6.277589403827504216e-06
2.340000000000000000e+02 5.590000000000000000e+02 4.750904761904761472e+03 2.340000000000000000e+02 1.621621621621621712e-01 0.000000000000000000e+00 2.344167666666666791e+07 4.292594680296015531e-06
2.340000000000000000e+02 5.840000000000000000e+02 5.040619047619047706e+03 2.340000000000000000e+02 9.961685823754788671e-02 0.000000000000000000e+00 2.208707419047619030e+07 1.452406122816978771e-06
2.340000000000000000e+02 5.400000000000000000e+02 4.876428571428571558e+03 2.340000000000000000e+02 3.511235955056180025e-02 0.000000000000000000e+00 2.283405804761904851e+07 7.455080453052720309e-06
2.340000000000000000e+02 3.470000000000000000e+02 5.350857142857143117e+03 2.340000000000000000e+02 1.654135338345864570e-01 0.000000000000000000e+00 2.081062833333333209e+07 8.053164246313007830e-06
2.340000000000000000e+02 5.970000000000000000e+02 5.349714285714285325e+03 2.340000000000000000e+02 1.901408450704225317e-01 0.000000000000000000e+00 2.086217533333333209e+07 8.449798347463641283e-06
2.340000000000000000e+02 6.990000000000000000e+02 4.960476190476190823e+03 2.340000000000000000e+02 2.089552238805970075e-01 0.000000000000000000e+00 2.249434952380952239e+07 5.280738324350592659e-06
2.340000000000000000e+02 6.790000000000000000e+02 5.420333333333333030e+03 2.340000000000000000e+02 1.165413533834586401e-01 0.000000000000000000e+00 2.054370214285714179e+07 3.434272305880880493e-06
3.360000000000000000e+02 4.270000000000000000e+02 5.654238095238095411e+03 3.360000000000000000e+02 6.785137318255250391e-03 0.000000000000000000e+00 9.900604142857143655e+06 6.133288634206146497e-07
2.340000000000000000e+02 4.100000000000000000e+02 5.834238095238095411e+03 2.340000000000000000e+02 6.956521739130434867e-02 0.000000000000000000e+00 1.908464876190476120e+07 1.834906894132717165e-06
2.340000000000000000e+02 3.940000000000000000e+02 4.970952380952380736e+03 2.340000000000000000e+02 4.517453798767967488e-02 0.000000000000000000e+00 2.249813714285714179e+07 7.114061739193096632e-07
2.340000000000000000e+02 6.290000000000000000e+02 4.429380952380952294e+03 2.340000000000000000e+02 1.967493584260051470e-02 0.000000000000000000e+00 2.519603700000000000e+07 7.203693111584561421e-06
2.340000000000000000e+02 4.060000000000000000e+02 4.520285714285714675e+03 2.340000000000000000e+02 1.935483870967741882e-01 0.000000000000000000e+00 2.469390100000000000e+07 6.915478550898378831e-06
2.340000000000000000e+02 5.640000000000000000e+02 5.059809523809523853e+03 2.340000000000000000e+02 1.590909090909090884e-01 0.000000000000000000e+00 2.199513428571428731e+07 3.799656350837298493e-06
2.340000000000000000e+02 5.660000000000000000e+02 4.883952380952380736e+03 2.340000000000000000e+02 9.219858156028368223e-02 0.000000000000000000e+00 2.279771385714285821e+07 1.573966463520376477e-06
2.340000000000000000e+02 2.910000000000000000e+02 5.115857142857143117e+03 2.340000000000000000e+02 3.674121405750798569e-02 0.000000000000000000e+00 2.176321390476190299e+07 4.844412115567772698e-06
2.340000000000000000e+02 5.700000000000000000e+02 4.982190476190476147e+03 2.340000000000000000e+02 1.201716738197424889e-01 0.000000000000000000e+00 2.240799661904761940e+07 7.695452774132016281e-06
2.340000000000000000e+02 3.080000000000000000e+02 5.137095238095238528e+03 2.340000000000000000e+02 1.865671641791044888e-01 0.000000000000000000e+00 2.170914414285714179e+07 1.922056630491799398e-06
2.340000000000000000e+02 3.770000000000000000e+02 5.539952380952380736e+03 2.340000000000000000e+02 4.189435336976320839e-02 0.000000000000000000e+00 2.011693857142857090e+07 8.131509501592710924e-06
2.340000000000000000e+02 5.890000000000000000e+02 5.071523809523809177e+03 2.340000000000000000e+02 1.896551724137930939e-01 0.000000000000000000e+00 2.196691352380952239e+07 7.350496494568894813e-06
2.340000000000000000e+02 4.400000000000000000e+02 5.024047619047619264e+03 2.340000000000000000e+02 1.777777777777777846e-01 0.000000000000000000e+00 2.219938414285714179e+07 2.196555258501382492e-06
2.340000000000000000e+02 3.860000000000000000e+02 5.266761904761904589e+03 2.340000000000000000e+02 4.961832061068702227e-02 0.000000000000000000e+00 2.113744323809523880e+07 9.166608663495330698e-06
2.340000000000000000e+02 2.940000000000000000e+02 4.644523809523809177e+03 2.340000000000000000e+02 2.530120481927710663e-01 0.000000000000000000e+00 2.419915523809523880e+07 2.951601214740012660e-06
